40.5 -0.01757526607671317 -0.0363676201901055
50.625 -0.010049548625608482 -0.0320456243719984
60.75 -0.008302937981278362 -0.008576954947414173
70.875 -0.011314237439143 0.013812490799266244
81.0 -0.00741125002370933 -0.0005503145496438726
91.125 -0.0006969895607946791 -0.028227170523746337
101.25 0.0016933119201750653 -0.013658668317177818
111.375 0.0021197768789999343 -0.0039821779443519195
121.5 0.004371801394316375 -0.01499123292355737
131.625 0.00942914682991306 -0.03758689127043451
141.75 0.014135927933840546 -0.05252557255141435
151.875 0.017681517171287752 -0.046645753010864474
162.0 0.020326033200459667 -0.03213393692820724
172.125 0.021755898084075086 -0.0161296063720095
182.25 0.02508379304041309 -0.03811411808712427
