40.5 -0.019230651096680245 -0.04191566461659078
50.625 -0.010594586362102512 -0.02637989046392024
60.75 -0.01148750212106711 0.008337886949423202
70.875 -0.016165230201291226 0.015225067769386804
81.0 -0.014581094596899803 -0.02117760283975052
91.125 -0.007564206186795874 -0.047908203085212694
101.25 -0.0039965423969193946 -0.040784940315538115
111.375 0.002490643824446125 -0.02253188202060759
121.5 0.012033187100077837 -0.009172421246375583
131.625 0.017643475952220735 -0.007116938352582542
141.75 0.015300526511752677 -0.013628414231546765
151.875 0.011702060454449166 -0.011826463497153633
162.0 0.011390349252371245 0.0047004059484818065
172.125 0.010068300025531525 0.0351635350825058
182.25 0.0075735271596200455 0.06053005062178281
192.375 0.007087462865552549 0.06973701476142857
202.5 0.010799275705165898 0.07179417552360032
212.625 0.016210644904876146 0.07277951667453729
222.75 0.020912142482592204 0.07289422222395947
