29.37 -0.018672183523103597 -0.002674361083720041
36.72 -0.015803031434750942 -0.0007608454752420856
44.06999999999999 -0.014212409858176291 1.6004250301172104e-05
51.419999999999995 -0.009758164951251558 -0.0005002393945353818
58.769999999999996 -0.007603269814428807 -0.002044116277094969
66.11999999999999 -0.005698926651332916 -0.0024280623670880075
73.46999999999998 -0.002344244305103408 -0.001041816038477976
80.82 -0.0002210479401652654 0.0031036134809992047
88.16999999999999 0.002310374514384355 0.004735014342210561
95.51999999999998 0.006582044573124687 0.0031854805564194553
102.86999999999998 0.010496130057853622 0.0027379854942189905
110.21999999999997 0.015397571515520214 0.002173126410176201
117.56999999999998 0.01980343799431275 -6.753673355390189e-05
124.91999999999997 0.018545971709714622 -0.016013615177972933
132.26999999999998 0.014385112676024842 -0.028065884886981727
