40.41 -0.07612339667036323 0.019508349034159354
50.535 -0.07332466570610054 0.01289664663240507
60.66 -0.0873019032368722 0.02168431889534241
70.785 -0.11341586537627305 0.015164536869928798
80.91 -0.11556766797474316 0.015620816099750393
91.035 -0.09116161145556775 0.012725892934276463
101.16 -0.09414776476333771 0.016558785955333617
111.285 -0.10000684983186842 0.015170403450626284
121.41 -0.08654740173559299 0.019394608746752445
131.535 -0.05083989083647757 0.01277597279674544
141.66 -0.021903756866588752 0.00806735181103134
151.785 -0.011589345017287667 0.006551227251299617
161.91 0.011778324835755138 0.004346983121148704
172.035 0.016858561185840955 0.007825933187195579
182.16 0.014712341841740662 0.0017128942971144131
192.285 0.01235058635976219 -0.0036657298843189613
202.41 0.003521967663004914 -0.008861737172084007
212.535 -0.0012512154293595561 -0.014346971398727683
222.66 -0.0012464297043295466 -0.013058993066117774
232.785 0.00020926911465100935 -0.013438167422741567
242.91 -0.004522670471126891 -0.013690375538623102
253.035 0.0028723609550560746 -0.01567498412861134
263.15999999999997 -0.006973635209102299 -0.012884591308286475
273.28499999999997 -0.029050056128985053 -0.015477035819279566
283.40999999999997 -0.046489576381742885 -0.023384174213821548
293.53499999999997 -0.06390799135222207 -0.016896187715995534
303.65999999999997 -0.06367964893163021 -0.013752278155936994
313.78499999999997 -0.059617625242768216 -0.007894768563102894
323.90999999999997 -0.05221680336064522 -0.0013482245803076477
334.03499999999997 -0.03430138673345735 -0.013096306033787489
344.15999999999997 -0.01388187177230448 -0.009520448699398758
354.28499999999997 0.005430219343228039 -0.012166505394547568
364.40999999999997 0.02006940410998202 -0.014321023254748372
374.53499999999997 0.028026464450199993 -0.016232984701709894
384.65999999999997 0.04115112606674684 -0.016154474072060727
394.78499999999997 0.03217718868743692 -0.011911317695142943
404.90999999999997 0.022054950735687404 -0.010148870379906817
415.03499999999997 0.025163005823943364 -0.014558317052412641
425.15999999999997 0.030109004020023346 -0.026515285766920013
435.28499999999997 0.0470441940905819 -0.029709499168699048
445.40999999999997 0.05919916442678329 -0.024115826221116805
455.53499999999997 0.05690403766848252 -0.022988382390347027
465.65999999999997 0.04160856542584951 -0.02255663124749468
475.78499999999997 0.0520774358551838 -0.025401709013361987
485.90999999999997 0.035871536423845225 -0.02014169613050147
496.03499999999997 0.012729815363343834 -0.017091081355938984
506.15999999999997 0.007179974979559372 -0.013714195940529176
