47.16 0.04578179237226682 -0.004151743620515276
58.934999999999995 0.056429339976986584 -0.0013681751989266968
70.71 0.04157573786137588 -0.00130531211713706
82.48499999999999 0.04124704441613943 -0.0030241000425031412
94.25999999999999 0.04654165874666561 -0.007684256845620238
106.035 0.045937822046926556 -0.01400197758865187
117.80999999999999 0.044926261701148065 -0.013856915294206936
129.58499999999998 0.04999146765828444 -0.009259844228667354
141.35999999999999 0.05941270006020165 -0.00559109930266592
153.135 0.07399987539014102 -0.007113259780129725
164.90999999999997 0.07853127047659174 -0.012943687695517778
176.68499999999997 0.07883993647977308 -0.01980379981849663
188.45999999999998 0.06443179037641737 -0.013699900442312295
200.23499999999999 0.051119011602061996 -0.010677297859224381
212.01 0.04595597672568661 -0.020710324222480644
223.78499999999997 0.035190441123028916 -0.023667980796975702
235.55999999999997 0.030045515910775537 -0.024318423412918427
247.33499999999998 0.020793199439514333 -0.02740209677931036
259.10999999999996 0.012366769426323442 -0.01825529866866539
270.885 0.006678109768940189 -0.01133977838160166
282.65999999999997 -0.0048481121217092355 -0.009688274604079337
294.43499999999995 -0.01502062041777817 -0.0031141385248845952
306.21 -0.012435260309432051 -0.0010460543110692268
317.98499999999996 -0.017461149005649636 -0.002760928928871785
329.76 -0.00909639987130606 -0.005638121157160831
341.53499999999997 0.0005540772524551959 -0.004653777251188719
353.30999999999995 0.006958528081102445 0.002155048296723113
365.085 0.007287052499341812 -0.005367647719028971
376.85999999999996 0.005236269895529529 0.0013233118503304029
388.63499999999993 0.0011923881247800742 -0.0001918664367846238
400.40999999999997 -0.008703308567938755 0.0017526429430728538
412.18499999999995 -0.009635456450449558 -0.0003467360718248228
423.9599999999999 -0.017801161032944008 0.00015286002565938547
435.73499999999996 -0.037640438495972164 -0.005700653843021961
447.50999999999993 -0.029658969976395683 -0.0021475885520172025
459.28499999999997 -0.03679281383117805 -0.0106999890698885
471.05999999999995 -0.031239696491718774 -0.0048728610858302795
482.8349999999999 -0.040319217737182785 -0.010352433082363725
494.60999999999996 -0.031145463254103542 -0.009312824693399753
506.38499999999993 -0.04619527395703001 -0.00625578346216885
518.16 -0.04912196245096213 -0.005180500046387673
529.935 -0.05002294544610448 -0.004283677705421402
