23.385 -0.01133957109894658 0.1103360436277818
35.0775 0.01966157330365928 0.056332959122666976
46.769999999999996 0.040712603776433924 0.029705514551505625
58.4625 0.022727265761907617 0.057100342898162654
70.155 0.0007664823694141185 0.07155607791702487
81.8475 -0.008459131418170927 0.052105407748051585
93.53999999999999 -0.01244476759903167 0.027965810316428516
105.23249999999999 -0.025640907891898563 -0.003296219535059693
116.925 -0.0387928904960937 -0.04685796344011315
128.6175 -0.03565151633539249 -0.07472277225818849
140.31 -0.02162913003278488 -0.08898542809290398
152.0025 -0.002816200073746897 -0.08215748615700341
163.695 0.013894819419066338 -0.06147498488991876
175.3875 0.02348145758295291 -0.03637592409481681
187.07999999999998 0.02593595220302597 -0.015509877000604593
198.77249999999998 0.025099004395945788 0.0038888551406106382
210.46499999999997 0.023408071925546132 0.03593820758004142
222.15749999999997 0.017516881857666908 0.07154707606322107
233.85 0.005240473672586174 0.08951331667118044
245.5425 -0.011502391862037414 0.0749105118690315
257.23499999999996 -0.03352380147305613 0.04144932315237385
268.9275 -0.005780090212018281 0.08007323321033691
