43.2 0.012079648052950136 0.028240160478129214
54.0 0.00432756155890384 -0.005855542686277147
64.8 0.009369588970396494 0.00013549055793274202
75.6 0.015458287202027018 -0.0002300371772866513
86.39999999999999 0.01697945667296307 0.001377443648224955
97.19999999999999 0.009517198709077126 0.0047337755741352645
107.99999999999999 0.0012478041822873156 0.003658239990836348
118.79999999999998 -0.00700127738945273 -5.367291976198945e-06
129.59999999999997 -0.011459620935921835 0.00036474761417494187
140.39999999999998 -0.013647806651017157 0.002332397883809812
151.2 -0.012940771443518824 0.004111307304733322
161.99999999999997 -0.006473600577834167 0.002801235035041421
172.79999999999995 0.0016279567096079113 0.0011160839863398934
183.59999999999997 0.0035450579032874374 0.00018189232732435828
194.39999999999998 0.004242924247545136 0.002627987408915838
205.19999999999996 0.004610909663747898 0.005358020695984755
215.99999999999994 0.005767542383920968 0.006185935261904005
226.79999999999995 0.009644285253357312 0.008034682767567964
237.59999999999997 0.011188396687989176 0.009695994978327164
248.39999999999995 0.01807656805752359 0.007663608211866661
259.19999999999993 0.03608725554335158 0.0057503780130039985
269.99999999999994 0.019976773058290424 0.005138838770330128
280.79999999999995 0.03491696886054771 0.004222086244368293
291.5999999999999 0.0458774542831126 -0.0025218833010321614
302.3999999999999 0.047522684339464584 0.00413782091680573
