44.7 -0.02973612062908476 0.0029698212619149737
55.875 -0.03793427609800326 -0.02251207496049947
67.05 -0.02449841130022328 -0.031534384732875245
78.225 -0.008347269422785004 -0.030504647067659325
89.39999999999999 0.017647855192842857 -0.01681299178702868
100.57499999999999 0.035925065447635275 0.00466041734131784
111.74999999999999 0.042461409003236354 0.020140157149738734
122.92499999999998 0.028947620833224035 0.03126747442555894
134.09999999999997 -0.0009823705826719285 0.037944902295976315
145.27499999999998 -0.033854290568628716 0.03371240203760081
156.45 -0.048574307666298396 0.019899349713959322
