40.41 0.00015949708869483027 0.02973093416595622
50.535 -0.035477350732285994 0.011686593019759505
60.66 -0.05870293136961652 0.014771854711085247
70.785 -0.07038479521200167 0.027583901824709902
80.91 -0.05905384777058211 0.021956245311755846
91.035 -0.0440878099547483 0.029534747649034562
101.16 -0.02907393729752204 0.030317958860672543
111.285 -0.03071412467510374 0.027817934476396005
121.41 -0.03312101015685605 0.02851235151887389
131.535 -0.04092485570570068 0.022383030066735417
141.66 -0.04352675708800377 0.01403073884604395
151.785 -0.0574879956869878 0.0032897672722381286
161.91 -0.07098039222691488 -0.0025369715106542704
172.035 -0.06294389311530968 -0.008432005614413828
182.16 -0.060592319704246625 -0.011071452164576785
192.285 -0.037504559507347456 0.009308108404867602
202.41 -0.03508385026385967 0.015213833152723505
212.535 -0.008393868794532532 0.006502900322986018
222.66 -0.007750044897852661 0.001576783937075769
232.785 0.03744799118783321 0.015569915681251146
242.91 0.09554323698739796 0.030321737317776834
253.035 0.10485052530437536 0.035397318018656705
263.15999999999997 0.0877426702841172 0.01492484471689975
273.28499999999997 0.05861078024436151 -0.007681967510985337
283.40999999999997 0.07712745526328747 -0.003172109693964981
293.53499999999997 0.07165597337983892 0.004601461607221581
303.65999999999997 0.07072692269828373 -0.026070925900949053
