47.16 0.049823369375815205 0.003315442661348465
58.934999999999995 0.0439178178379315 -0.007460429540578124
70.71 0.04062521802108384 -0.0032104816633640675
82.48499999999999 0.03883543063864374 0.0005217042002669871
94.25999999999999 0.04178256087339043 -0.0023523930801660417
106.035 0.043447041206686916 -0.006163545107711459
117.80999999999999 0.05044922635167645 -0.005694508685839344
129.58499999999998 0.06196944181144975 -0.007360972543037566
141.35999999999999 0.07198739878423899 -0.007481911395950057
153.135 0.07625915023052646 -0.009579012677423261
164.90999999999997 0.07398639739023585 -0.010101232273093856
176.68499999999997 0.0694020335421438 -0.014442520798045812
188.45999999999998 0.0653352996018489 -0.01490927998716379
200.23499999999999 0.06240633537933897 -0.011977903840443609
212.01 0.058503874382872745 -0.010797732735289646
223.78499999999997 0.04689608944999541 -0.012811759878223469
235.55999999999997 0.036836562591814136 -0.011387497585286245
247.33499999999998 0.024417022281809083 -0.004105747399181822
259.10999999999996 0.011031770978689742 0.0035989401328225777
270.885 -0.00046880974910728753 0.007683122719903502
282.65999999999997 -0.013608505894663456 0.011600455483639008
294.43499999999995 -0.005254569241757467 0.009740542422850133
306.21 0.001019023208207767 0.006068171869727127
317.98499999999996 0.003391677754592047 0.007520052070400018
329.76 0.004580467014339756 0.007810281546686964
341.53499999999997 0.009491983623537877 0.011247064857871357
353.30999999999995 0.015976102859478016 0.013462690759674002
365.085 0.019483240994219973 0.012737704373173111
376.85999999999996 0.02032743361824517 0.009669701067980652
388.63499999999993 0.017099742293270385 0.009676493478263026
400.40999999999997 0.013250121880898292 0.003693963458061379
412.18499999999995 0.014454677737289643 0.0024938960504362986
423.9599999999999 0.008133204419836762 -0.003712225610233509
435.73499999999996 0.002316026038243973 -0.0036209285746062166
447.50999999999993 0.00010258807760656171 -0.005201691494641895
459.28499999999997 -0.005458911689339383 -0.0033849088174522602
471.05999999999995 -0.01532172250920281 -0.005221993279082868
482.8349999999999 -0.02072340262396615 -0.005910759160005237
494.60999999999996 -0.02602107259601739 0.000885967670276708
506.38499999999993 -0.029103046055497787 0.009752566884120887
518.16 -0.025627992390942968 0.012431627028984066
529.935 -0.030772004088268835 0.013385829265891365
541.7099999999999 -0.03610408766771798 0.00957521690007428
553.4849999999999 -0.045984655807152434 0.009999561619643093
565.26 -0.05880767146558634 0.006681936819421383
577.035 -0.08279398423486606 0.009392693129732116
588.81 -0.09350111902281288 0.003991368554975659
600.5849999999999 -0.09331922449851437 0.0029407316067897363
612.3599999999999 -0.08945680843164802 0.002080619164215379
624.1349999999999 -0.09882780211069736 -0.000664077587937311
635.91 -0.0974873138535137 -0.0035079081578000544
647.685 -0.09331327818659002 -0.006755057537743418
659.4599999999999 -0.08832914380217342 0.0007194872858469529
671.2349999999999 -0.09110415652372275 -0.001995774418560768
683.0099999999999 -0.09562562134805298 -0.003001551214097503
694.785 -0.09532521076936766 -0.00922786592026227
706.56 -0.09002476569009518 -0.012814960827316377
