45.3 0.06428407115496584 0.008932097285827442
56.625 0.05667026225270774 0.012030373016337154
67.95 0.03661861718314991 0.01693323404092856
79.275 0.02638419294790796 0.01586351843143549
90.60000000000001 0.020504276060052853 0.007599893677879897
101.92500000000001 0.01745286376774969 0.0018969978119397432
113.25000000000001 0.015023155867915644 1.9311383253322843e-06
124.57500000000002 0.012555988167158147 -0.002033744220302138
135.90000000000003 0.009037812385532919 -0.0014349802067354482
147.22500000000002 0.005509206111235624 -0.0008443699174857255
158.55 -0.0016102164565208698 -0.0004198348590805587
169.87500000000003 -0.005861978979830232 -0.0019807669578967785
181.20000000000005 -0.011918913045532753 -0.005107916865861684
192.52500000000003 -0.012059671325977878 -0.0012858905436092616
203.85000000000002 -0.011819179086628424 0.00017641624961475588
215.17500000000004 -0.013123357406746581 -0.003399815880798411
226.50000000000006 -0.013523410025631177 -0.005203717004503008
237.82500000000005 -0.016544878074633132 -0.006176261871237146
249.15000000000003 -0.014762990409833657 -0.004120748779212663
260.475 -0.020206372114122736 -0.0017524904919521784
271.80000000000007 -0.0007586376311014603 0.008173632023548117
283.12500000000006 -0.02639117476552145 0.00023642118044922761
294.45000000000005 -0.028798124284785332 -0.00040011906497280946
305.7750000000001 -0.03879929446741932 -0.0008859273698072144
317.1000000000001 -0.03101562316314792 -0.020318259533350737
