43.2 -0.04667801177448442 -0.03601878438004945
54.0 -0.004141959632798201 -0.008843125714554576
64.8 0.025781500810969322 0.0010411184624263424
75.6 0.040922519366716016 0.008595450963822178
86.39999999999999 0.05083128577511233 0.007654770724747833
97.19999999999999 0.0522390401486488 0.0030362693510585094
107.99999999999999 0.050696349277793 -0.0018239371509907892
118.79999999999998 0.04401716635297612 -0.007086803649482548
129.59999999999997 0.040059279725096354 -0.008776586621333701
140.39999999999998 0.039209267636619416 -0.011596323219949566
151.2 0.038207093790033356 -0.015752424589087675
161.99999999999997 0.043368804306808485 -0.016975226011624694
172.79999999999995 0.047577700572532015 -0.018021850588351172
183.59999999999997 0.0541992967993009 -0.01953317209041064
194.39999999999998 0.06021396697776658 -0.0168988225356049
205.19999999999996 0.06272112910152748 -0.01876185892159598
215.99999999999994 0.06378947886916427 -0.018896431397108518
226.79999999999995 0.0495822071228117 -0.0075607336184675316
237.59999999999997 0.03790180080046478 0.006541702988756969
248.39999999999995 0.021812909660866398 0.009099346981182912
259.19999999999993 0.016136626160165517 0.006408487121537959
269.99999999999994 0.018805502882302687 0.0007384586352534973
280.79999999999995 0.021818402646032464 -0.005668327188707228
291.5999999999999 0.02877436257255419 -0.008646579004875095
302.3999999999999 0.03330057443477843 -0.009586157319475581
313.19999999999993 0.03010942494942935 -0.005235588324984948
323.99999999999994 0.02350003103330529 -0.00015240410491463202
334.79999999999995 0.016034063338119332 -0.0031186702761035836
345.5999999999999 0.013014578236746307 0.0007300775625553654
356.3999999999999 0.011183291349029309 0.013565290136902232
367.19999999999993 -0.002851016322250799 0.016513363408891837
377.9999999999999 -0.011076861214183584 0.015701249900559235
388.7999999999999 -0.017852008782588413 0.018617267741086085
399.5999999999999 -0.020267688262500402 0.015260004535101542
410.3999999999999 -0.01801803287047884 0.016417489746905836
421.19999999999993 -0.0178751847484788 0.018763045930255233
431.9999999999999 -0.01660959300808052 0.021384406129624774
442.7999999999999 -0.020701198019873388 0.021160819909007308
453.5999999999999 -0.028146575125250296 0.022800963331138905
464.39999999999986 -0.031988294439678086 0.021457633225139293
475.1999999999999 -0.04061321897542255 0.01904535061381934
485.9999999999999 -0.04699287642680497 0.018478424205111827
496.7999999999999 -0.05286498082406063 0.013277845608239927
507.5999999999999 -0.053895833129084254 0.005114090956492831
518.3999999999999 -0.052081581428996625 0.0003769793031766872
529.1999999999998 -0.047864307007453206 -0.002234562440648431
539.9999999999999 -0.04724078970223663 -0.0041615923843376324
