43.38 0.007982209689905026 0.026490815899504725
54.255 0.006185615442984514 0.023700687749977502
65.13 0.005114740651749627 0.021943098041401418
76.005 0.003521028980917625 0.020080597061097067
86.88 0.00242769624902228 0.026788751389007985
97.755 -0.0006056977902023903 0.04542862558157674
108.63 -0.0038211603700432583 0.04287304919232887
119.505 -0.0050345041770565035 0.01730251481781822
130.38 -0.0037375608825535836 0.00038690569675193663
141.255 -0.0010260821880668843 0.004902913047530181
152.13 -0.0008594980204351124 0.009029541678437088
163.005 -0.001488199475335318 0.006875833854320003
173.88 -0.0018575370020824647 0.005819626453639338
184.755 -0.004029855013819555 -0.00168615614764851
195.63 -0.004049730757608987 0.022002327240447598
206.505 -0.003658842683105876 0.010501968207835286
217.38 -0.004346869238754781 -0.052107512092909994
