21.45 0.003596220968547443 0.0011923164369928702
26.8125 -0.006009912970510636 0.0005109351520725332
32.175 -0.0014201766039396962 0.0012071574038801539
37.5375 0.002489556729642217 0.0017327414939410216
42.900000000000006 0.00040511215149247005 0.0007848532663748865
48.2625 -0.000846157958733044 0.0005984888303011301
53.625 0.0003555825366009133 0.0007627891658229353
58.987500000000004 0.0012494360868696962 0.002049097516599343
64.35000000000001 -0.0010491668858363821 0.002974768767721762
69.7125 -0.004966304371822793 0.0025203168634413044
75.075 -0.0065790603650950265 0.0016267418508895794
80.4375 -0.007065288292104368 0.0012677366265993945
85.80000000000001 -0.007848776742600906 0.0018496828710898657
91.16250000000001 -0.008475570398370394 0.0033086368805804556
96.525 -0.008346811994555612 0.0038198388194461367
101.88750000000002 -0.0070067806949012735 0.0028613120441889238
107.25000000000001 -0.005410984140049532 0.0012038277752230092
112.61250000000001 -0.004641912928560234 -0.0004527610455693726
117.97500000000001 -0.004578825082866005 -0.0009718049661631572
123.3375 -0.0038094399219189023 0.0006045809195752672
128.70000000000002 -0.0029279757492091667 0.0010468271287113798
134.0625 -0.003885851988351887 0.0004625390976748699
139.425 -0.004089007992309423 -0.00014023576943557675
144.78750000000002 -0.0033839494880320694 -0.0008462160825932193
150.15 -0.0022505352585857888 -0.00021338995729996104
155.51250000000002 -0.0012834034858861998 0.0015046821034471417
160.87500000000003 -0.0004629485020287808 0.0018176653921806146
166.2375 0.00102240630133168 0.0008549561260506443
171.60000000000002 0.0027463990910760283 0.0001566311798827588
176.96250000000003 0.002016825701645776 0.0011536030307216405
182.32500000000002 0.0022691803910039423 0.000866319714301936
187.68750000000003 0.003702586956455941 -0.0005410131515700818
193.05 0.002393525875936254 -0.0006857035280742403
198.41250000000002 0.0020404845947006533 -0.00010985028116011052
203.77500000000003 0.0028838966392228348 -0.0006096259094808371
209.13750000000002 0.00423983399122158 0.00011079500576314144
214.50000000000003 0.00595887563163151 0.0018671906781649614
219.8625 0.006306214855863427 0.0030660734874612514
225.22500000000002 0.00723305361225079 0.0031831246489887085
230.58750000000003 0.00776024367149639 0.0014116573535392694
235.95000000000002 0.006742471687680808 -0.0007497803490496235
241.31250000000003 0.006172159717516288 -0.0003469781069198504
246.67500000000004 0.005834630955886751 0.0009141069610033124
252.03750000000002 0.006024418462385041 -0.0004389174272172524
257.40000000000003 0.006846752764296552 -0.0008422479989472374
262.76250000000005 0.007698649965516853 0.0012196003144684534
268.12500000000006 0.007730172934144518 0.001878219780319816
273.4875 0.007268535776663865 0.0012536845661264534
278.85 0.00857378322604529 0.00097279642835048
284.21250000000003 0.010671920904169775 0.0010408250697330158
289.57500000000005 0.012678370783992178 0.0006022541834511439
294.93750000000006 0.012504210356308599 -0.0012207096427831554
300.3 0.012103757007351387 -0.003755990969886312
305.6625 0.011616722138567405 -0.0033830959796798178
311.02500000000003 0.011426314254169073 -0.002899528536178681
316.38750000000005 0.012203963106746228 -0.002666001530337456
321.75000000000006 0.011431636876993894 -0.0018652861702014305
327.11250000000007 0.012051204251094832 -0.0015334755919096063
332.475 0.014207396788368465 -0.0014366234957466553
337.83750000000003 0.015603457487151378 -0.001993033638115833
343.20000000000005 0.014896510606068345 -0.0010042927901074848
348.56250000000006 0.01402957181673228 0.0017691372209685222
353.92500000000007 0.015162833037627504 0.0027282103287047882
359.2875 0.014086504180067804 0.0019409142508614073
