54.6 0.06317435447529408 -0.09083065139299157
68.25 -0.03566006805145284 -0.053807312123518365
81.9 -0.08792187839775033 -0.030274367609035555
95.55 -0.10851917968545381 -0.02465678367705165
109.19999999999999 -0.09347647496331939 -0.01652176269422904
122.85 -0.06386379670441385 -0.007095253316758267
136.5 -0.05723492004430323 0.00018055201685927754
150.14999999999998 -0.06150241930933374 0.0051348086558211355
163.79999999999998 -0.0690303708302973 0.005088617635696546
177.45 -0.07389932007650793 0.0042114655240453715
191.1 -0.07153260765338061 -1.2918541677401954e-06
204.75 -0.04992485424067167 0.003507696139436604
218.39999999999998 -0.03957029203716134 0.006856176819437094
232.04999999999998 -0.04327533679580584 0.004411893476859268
245.7 -0.043720305307198185 -0.0027671867263177937
259.34999999999997 -0.04270704701095273 -0.0025387718491286
273.0 -0.04079212820449422 -0.008855533401831109
286.65 -0.03645268152846142 -0.015698218990264738
300.29999999999995 -0.04334366864397509 -0.015022278180857244
313.95 -0.017477076040345218 -0.027272064423432926
327.59999999999997 -0.0007849504077769618 -0.04306474279725403
341.25 0.009794449300663121 -0.03871749077107045
354.9 0.033444836752561484 -0.03965725718914852
368.54999999999995 0.03790949740466722 -0.03396710829260162
382.2 0.05600209893262301 -0.024995598599744383
395.84999999999997 0.06890768257928535 -0.00789640651824489
409.49999999999994 0.09913376194987705 0.0010154269711410116
423.15 0.10241108139786614 0.010980121762236165
436.79999999999995 0.11034818831290696 0.0006134019722623617
450.44999999999993 0.12161825369459021 0.01647722811729261
464.09999999999997 0.12994315156833777 0.013249130288041717
477.74999999999994 0.14432603523365675 0.008216035964347567
491.4 0.16311179546915566 0.002098571556169151
505.04999999999995 0.16661388205657202 -0.001981648562705612
518.6999999999999 0.14395314572958945 -0.02117004740959466
532.3499999999999 0.16802817212221807 -0.03038669785157719
546.0 0.1832012906705787 -0.03100301001697886
