46.77 0.027588770677425354 0.014852765999276178
58.462500000000006 0.01938880935745522 0.04532881228537063
70.155 0.001583710388061115 0.057074030310041046
81.84750000000001 -0.01014994306390016 0.03471597062750707
93.54000000000002 -0.009746107159837007 0.01157165225834068
105.23250000000002 -0.011747404754456018 -0.0024504479899365135
116.92500000000001 -0.01682656432225846 -0.008472591999322881
128.6175 -0.015809364957624545 -0.01811131556742264
140.31000000000003 -0.009461980619086808 -0.03192715068935367
152.00250000000003 -0.001338393761772994 -0.03925099139430827
163.69500000000002 0.003980743990329694 -0.012599130796140024
175.38750000000005 0.015076467608322314 -0.02056279036433115
