45.3 0.07946709231213249 -0.0035970863626842773
56.625 0.040453326721551934 -0.00020278759724530685
67.95 0.01649917004495502 0.006360293172464462
79.275 0.011371641942735664 0.005071947422894815
90.60000000000001 0.01461260865351459 -0.0006564559054517454
101.92500000000001 0.01670170295988324 -0.008684268138380247
113.25000000000001 0.020616767074241794 -0.007570731956196058
124.57500000000002 0.02088678560730774 -0.0033635209900886535
135.90000000000003 0.016568473104411032 -0.006232786625822946
147.22500000000002 0.009379807277714989 -0.008520870402567002
158.55 0.0016538063808833668 -0.008375002412652547
169.87500000000003 0.0008146711166766857 -0.006567657694038497
181.20000000000005 -0.0001213024672950858 -0.01751230507680797
192.52500000000003 -0.0038343720420332132 -0.016766625439229094
203.85000000000002 -0.025509965212368816 -0.02092311703309788
