50.19 0.0003162686519547149 -0.015941001450678678
62.714999999999996 0.0025502918331411525 -0.006159230741959354
75.24 0.005258632789304156 0.006330111338446669
87.76499999999999 0.0013256661674028924 0.011250377101712764
100.28999999999999 -0.005054966658090045 0.018967179675553572
112.815 -0.005347960028686737 0.024045855078154738
125.33999999999999 0.002935880093096956 0.0238233264915951
137.86499999999998 0.012004850967010977 0.017978184585978114
150.39 0.017788047870542733 0.00020422404127992474
162.915 0.018335901837764415 -0.018584422582205183
175.44 0.017507934079385182 -0.027067625450837126
