44.1 -0.024570603513992862 0.007285724537359121
55.125 -0.016021294199660786 0.0031814428926242007
66.15 -0.011025604780342892 0.0022368114987956576
77.175 -0.010191455230091842 0.002076347335109945
88.19999999999999 -0.007292395961275963 0.000536705700211596
99.225 -0.0034731650733385577 0.0020809427186211566
110.25 0.00154111683488696 -0.00018800474987918728
121.27499999999999 0.0061402250885925465 0.0019112594862283614
132.29999999999998 0.011253240584158773 0.00729771656477225
143.325 0.014055142324191089 0.009214569732496989
154.35 0.012280252830148141 0.007304673140970142
165.375 0.011091803747614598 0.012102919911056352
176.39999999999998 0.008836900903529026 0.017031455064715983
