46.8 0.03644965534916356 0.005733773834648135
58.5 0.037248619126309904 0.005156897203582488
70.2 0.03457311825675206 0.00742901626564272
81.9 0.04165916131179746 0.01432132300442672
93.60000000000001 0.03975204477150779 0.011465224087062064
105.30000000000001 0.03854403179932998 0.009682972430968011
117.00000000000001 0.02781131488597691 0.01069813669002331
128.70000000000002 0.025529917078087702 0.010107584313038822
140.40000000000003 0.022883828658848342 0.00408282173987612
152.10000000000002 0.01795416439820972 0.004089692059513384
163.8 0.008003198032702233 0.014621731735885383
175.50000000000003 0.017036199581966248 0.017293834594398327
187.20000000000005 0.028477217937087067 0.024803776231720823
198.90000000000003 0.019771517699773474 0.014846814092467457
210.60000000000002 0.019176629188534196 0.005371826218352307
222.30000000000004 0.007906142474046664 0.008337627389518263
234.00000000000006 -0.0060871924573282065 0.010605148431300192
245.70000000000005 -0.0032880491251858685 0.008220645808306642
257.40000000000003 0.0023475748339451966 0.0010078142385430608
269.1 0.009711437641169099 -0.0020268844731435413
280.80000000000007 0.012440884858897749 -0.003139773458743363
292.50000000000006 -0.0004709777635913494 0.006788398571608236
304.20000000000005 0.0066522364306739 0.015430579485385133
315.9000000000001 0.0034306734829809534 -0.008858427315271
327.6000000000001 0.0038919449922781534 -0.004689519715133398
339.30000000000007 -0.008307184353364949 -0.013801094692054022
351.00000000000006 -0.003508384111975696 -0.01764034825808638
