54.6 0.06529151068269601 0.0055302286575422055
68.25 -0.016777662650193575 -0.016357470838434526
81.9 -0.07374357224785048 -0.02443855839003242
95.55 -0.07512999931744793 -0.003192737440620475
109.19999999999999 -0.04909646275146225 -0.0005842973461049149
122.85 0.003280622652457479 0.0071595792475210125
136.5 -0.008396862500821037 -0.010752733935946576
150.14999999999998 -0.018908788505554983 -0.013681848354348646
163.79999999999998 -0.0076986958179544075 -0.01370910992207197
177.45 -0.029363687602298263 -0.01739137012229896
191.1 -0.03202293085146744 -0.03311056595471506
204.75 -0.015523255565774037 -0.0360608582608204
