92.69738 0.00947011967058522 0.02190787754526422
115.87237999999999 -0.023876912741510152 -0.02313202756015402
139.04737999999998 -0.055980886299020816 0.005352161830827552
162.22238 -0.06856055150064093 0.005397577644264686
185.39738 -0.09010076952872614 0.006912828671048173
208.57237999999998 -0.08592755822058865 0.002822338164963165
231.74737999999996 -0.0739748215170253 0.0015325420262484177
254.92237999999998 -0.059111812623221106 0.004614478292701359
278.09738 -0.04019189142382366 0.0031048357591425763
301.27238 -0.02597954558457945 -1.5753001468187567e-05
324.44737999999995 -0.010395937042121951 -0.0034247192906080542
347.62237999999996 0.0013921271026188075 -0.0080249615012507
370.79738 0.025955639586329224 -0.008598789681549167
393.97237999999993 0.05628686480883612 -0.0025185455136309634
417.14737999999994 0.07812100861598398 0.003501366842824659
440.32237999999995 0.10327379630789515 0.0076923299463208614
463.49737999999996 0.1066714180180393 0.016642240835133732
486.67238 0.1107328595584688 0.025202683850330844
509.84737999999993 0.10245939270642526 0.02553474319437703
533.0223799999999 0.08639288818229124 0.023337214712726567
556.19738 0.0826494154049456 0.017377276026929997
579.3723799999999 0.10966133263862274 0.005118518556625081
602.54738 0.10620194375915815 0.0025648644262620383
625.7223799999999 0.11524405616823322 0.0023145494418120374
648.8973799999999 0.14531495268642647 -0.011269175675307015
672.07238 0.11418761548026246 -0.014415634254312248
695.2473799999999 0.08923083466016057 -0.030372892120247394
718.42238 0.0597707554385278 -0.029377486972800963
741.5973799999999 0.03507924188612882 -0.048767055829317424
