92.69963 -0.052246918084832936 0.011093446597863968
115.87463 -0.05952459192646725 0.011536063249297991
139.04962999999998 -0.06693351542779866 0.013749232373655202
162.22463 -0.05729830581422065 0.012639839855361702
185.39963 -0.062425790795366067 0.005925999432387572
208.57462999999998 -0.06853072667120937 0.0016797996550726396
231.74962999999997 -0.05492591815298335 0.00413249859262266
254.92462999999998 -0.050223793290154216 -0.008069824567683858
278.09963 -0.05214142004576462 -0.001865051408744463
301.27463 -0.03725997941405612 -0.0035752143554454484
324.44962999999996 -0.0216291591706912 -0.004191021600351923
347.62462999999997 -0.014435929143917087 0.007513314358442381
370.79963 0.026906485026317276 -0.003289117989887594
393.97462999999993 0.0553407281794472 0.010817644042424097
417.14962999999995 0.10217036520471957 0.008700589550010046
440.32462999999996 0.09634666276727623 -0.010880029766667618
463.49962999999997 0.09586638800466343 -0.009443476930476778
