44.1 -0.04065324814792886 0.0031687169866763958
55.125 -0.0240967346006579 0.0010462230553663853
66.15 -0.00970811872545534 0.0006313660224244557
77.175 -0.0032712908685312314 0.0013198198133527077
88.19999999999999 -0.0013238928590210885 0.0033995684167304674
99.225 0.0013908847882447804 0.0037757168356388343
110.25 0.003971960729355367 0.001450174498103787
121.27499999999999 0.007914921963493776 0.0035136354858772965
132.29999999999998 0.01065311765198425 0.00766741309217541
143.325 0.01046057362296032 0.009018171360405128
154.35 0.008634129718183928 0.0066472462179790566
165.375 0.008198983338207405 0.0046193692896294575
176.39999999999998 0.00654057351352745 0.002952661306475289
187.42499999999998 0.004746110898181611 0.0018142523025957962
198.45 0.004067222478837215 0.0012100289263096108
209.47499999999997 0.007488527860141047 -0.0016165976275670942
220.49999999999997 0.010556522517439016 -0.000856696527337421
231.52499999999998 0.01376731980662246 -0.000908314650256675
242.54999999999998 0.01619969858011696 -0.0030228359767758943
253.575 0.01684319920141147 -0.004076569772361887
