46.8 0.06366240327953136 0.009397294322812909
58.5 0.054362972315197225 0.01262775019396966
70.2 0.052525835130935304 0.008545742134875328
81.9 0.05037551638083516 0.005877743467782501
93.60000000000001 0.06226061324190185 0.009991469239277195
105.30000000000001 0.06397556110805128 0.014426343620130887
117.00000000000001 0.06081537446525105 0.015350054973031413
128.70000000000002 0.05011691188738903 0.01046876140344667
140.40000000000003 0.03518685274975649 0.010786128703089997
152.10000000000002 0.029387711846289383 0.01581695456006254
163.8 0.0316722319292076 0.017909432806172045
175.50000000000003 0.03201570515622054 0.01706765533416681
187.20000000000005 0.03216845310157295 0.011911286343268096
198.90000000000003 0.029150578817789017 0.008831678545301615
210.60000000000002 0.025389546041787565 0.005204752128219513
222.30000000000004 0.025212710117753834 0.0063489192707103705
234.00000000000006 0.018085648709725465 0.004903753160397932
245.70000000000005 0.012548888759287505 -0.000561665621913463
257.40000000000003 0.004631141619982573 -0.007344017193492197
269.1 0.002490309384468616 -0.014990488888141825
280.80000000000007 0.003097457699514343 -0.019773349159837198
292.50000000000006 0.00569710327309452 -0.02468687818880345
304.20000000000005 0.0032192477090178325 -0.028239226608978048
315.9000000000001 0.0031924941263730246 -0.024383234627147185
327.6000000000001 0.0014648657223440837 -0.02346728939517239
339.30000000000007 -0.0006629525687837331 -0.02183657467496563
351.00000000000006 -0.005930216424745477 -0.020046745747023004
362.70000000000005 -0.008805742685763467 -0.020319635911016615
374.4000000000001 -0.010093160882039669 -0.020187498314649315
386.1000000000001 -0.01627667539451244 -0.01827348982090446
397.80000000000007 -0.018615216934589975 -0.014033993093516247
409.5000000000001 -0.019701969779363983 -0.008824421445200762
421.2000000000001 -0.022686288953231215 -0.004822684898479718
432.9000000000001 -0.025116443491686027 -0.0028982530423511885
444.6000000000001 -0.026399860260623884 0.0006034244076162831
456.30000000000007 -0.030852287951115175 -0.0035210241749442177
468.0000000000001 -0.03282979043043699 -0.006167815108892184
479.7000000000001 -0.04281813247363059 0.0031603645857653704
491.4000000000001 -0.0485282774252859 0.005546439361696002
503.10000000000014 -0.05264361545122926 0.007511954705522585
514.8000000000001 -0.06507386608254226 0.01213256937490297
526.5000000000001 -0.030075684635104682 0.017036909151344194
538.2000000000002 -0.034916860595215524 0.012850234400754853
