47.87395 -171.36917,-147.91229,-134.10685,-102.42703,-83.57269,-52.92332,-39.08604,-15.8672,11.99826,49.77462,79.05471,97.34332,125.94126,161.59843 -0.81018,0.0827,0.17678,-0.16026,-0.0097,-0.07267,-0.0105,-9.34815,-9.4354,0.51291,0.41271,-0.08486,-0.61489,-1.02761
57.44875 -174.10023,-147.91229,-119.47027,-102.42703,-83.57269,-66.7052,-39.08604,-13.0633,6.96231,34.22162,62.04363,79.05471,97.34332,113.77381,140.34059,166.27668 -0.1943,0.0827,-0.05078,-0.16026,-0.0097,0.18761,-0.0105,0.1611,0.28332,0.4096,0.52278,0.41271,-0.08486,-0.4581,-0.5669,-0.39492
67.02354 -174.10023,-156.03014,-132.60058,-119.47027,-99.45261,-86.11934,-66.7052,-53.78603,-30.974,-13.0633,6.96231,24.82424,48.43662,62.04363,81.38894,94.67938,113.77381,126.64255,149.08651,166.27668 -0.1943,-0.05264,-0.02547,-0.05078,-0.10575,0.02109,0.18761,0.12051,0.10937,0.1611,0.28332,0.39778,0.43296,0.52278,0.27897,-0.05774,-0.4581,-0.4982,-0.50306,-0.39492
76.59833 -175.81628,-156.03014,-142.10864,-132.60058,-112.1594,-99.45261,-86.11934,-73.5574,-53.78603,-44.45247,-30.974,-11.31411,4.28267,18.89718,38.38006,48.43662,68.59355,81.38894,94.67938,107.17149,126.64255,149.08651,168.81251 -0.29636,-0.05264,-0.03633,-0.02547,-0.06883,-0.10575,0.02109,0.07369,0.12051,0.11526,0.10937,0.25031,0.32116,0.38808,0.38701,0.43296,0.42053,0.27897,-0.05774,-0.24885,-0.4982,-0.50306,-0.40858
86.17312 -175.81628,-161.24462,-142.10864,-123.18751,-112.1594,-73.5574,-62.74714,-44.45247,-25.77023,-11.31411,4.28267,18.89718,38.38006,57.3431,68.59355,94.67938,107.17149,117.95879,136.08949,154.65919,168.81251 -0.29636,-0.16349,-0.03633,-0.04335,-0.06883,0.07369,0.07222,0.11526,0.20793,0.25031,0.32116,0.38808,0.38701,0.36219,0.42053,-0.05774,-0.24885,-0.32163,-0.43452,-0.46199,-0.40858
95.74791 -177.02076,-164.85737,-148.99379,-132.21191,-123.18751,-107.91,-97.84731,-87.50819,-77.54998,-62.74714,-53.94128,-37.69586,-22.16884,-10.09282,2.67262,14.93351,31.092,48.05573,63.19759,72.56951,82.74098,93.14389,103.13267,117.95879,126.7735,142.94578,158.41975,170.35515 -0.34395,-0.23451,-0.08427,-0.02784,-0.04335,-0.09045,-0.12466,-0.04922,0.00911,0.07222,0.06263,0.15457,0.24751,0.29115,0.3335,0.38125,0.40642,0.31932,0.24091,0.24856,0.14315,-0.02865,-0.11444,-0.32163,-0.29554,-0.39532,-0.40366,-0.40066
105.3227 -177.02076,-164.85737,-154.09872,-139.41129,-132.21191,-117.1362,-107.91,-97.84731,-87.50819,-77.54998,-68.49795,-53.94128,-46.92545,-32.68405,-22.16884,-10.09282,1.62474,14.93351,25.75266,40.63722,54.96145,63.19759,72.56951,82.74098,93.14389,103.13267,112.19779,126.7735,133.78868,147.99197,158.41975,170.35515 -0.34395,-0.23451,-0.15017,-0.07304,-0.02784,-0.04368,-0.09045,-0.12466,-0.04922,0.00911,0.02093,0.06263,0.09632,0.18442,0.24751,0.29115,0.31477,0.38125,0.39614,0.33694,0.21708,0.24091,0.24856,0.14315,-0.02865,-0.11444,-0.15744,-0.29554,-0.29179,-0.36474,-0.40366,-0.40066
114.89749 -177.92687,-167.5079,-154.09872,-139.41129,-125.22072,-117.1362,-105.16013,-96.84418,-88.38597,-80.14664,-68.49795,-60.613,-46.92545,-32.68405,-19.52856,-9.17749,1.62474,12.14368,25.75266,34.77294,40.63722,54.96145,67.26448,75.2142,83.62148,92.15033,100.43661,112.19779,120.08161,133.78868,147.99197,161.08661,171.36699 -0.33287,-0.26493,-0.15017,-0.07304,-0.02115,-0.04368,-0.14812,-0.19787,-0.09681,-0.01288,0.02093,0.0563,0.09632,0.18442,0.2484,0.2975,0.31477,0.34438,0.39614,0.32144,0.33694,0.21708,0.15337,0.14074,0.07224,-0.03386,-0.02816,-0.15744,-0.16024,-0.29179,-0.36474,-0.33564,-0.35195
124.47228 -178.6415,-167.5079,-157.99418,-145.13446,-132.10784,-120.16418,-113.00762,-105.16013,-96.84418,-88.38597,-80.14664,-72.43419,-60.613,-53.91867,-41.34871,-28.85435,-19.52856,-8.45749,0.90435,12.14368,21.75434,34.77294,47.94839,60.0099,67.26448,75.2142,83.62148,92.15033,100.43661,108.17246,120.08161,126.75422,139.33612,151.79067,161.08661,172.06621 -0.28958,-0.26493,-0.20254,-0.11727,-0.04648,-0.06058,-0.08739,-0.14812,-0.19787,-0.09681,-0.01288,0.0121,0.0563,0.11109,0.12114,0.19487,0.2484,0.29448,0.30859,0.34438,0.3577,0.32144,0.24387,0.1537,0.15337,0.14074,0.07224,-0.03386,-0.02816,-0.02723,-0.16024,-0.13753,-0.27656,-0.30052,-0.33564,-0.30345
134.04707 -178.6415,-169.53839,-161.0477,-149.71733,-137.89196,-126.53079,-120.16418,-113.00762,-103.23888,-96.15613,-88.99298,-81.96856,-72.43419,-65.44472,-53.91867,-48.30463,-36.8803,-28.85435,-17.50642,-8.45749,0.90435,10.09676,18.68818,30.12544,42.08128,53.56677,60.0099,67.26448,77.09127,84.23957,91.45765,98.52064,108.17246,115.16184,126.75422,132.32236,143.74214,151.79067,163.05555,172.06621 -0.28958,-0.26646,-0.22169,-0.15301,-0.08708,-0.05625,-0.06058,-0.08739,-0.19486,-0.20877,-0.17849,-0.15479,0.0121,0.02127,0.11109,0.1075,0.13554,0.19487,0.26504,0.29448,0.30859,0.33411,0.34608,0.30105,0.26822,0.2046,0.1537,0.15337,0.22286,0.17117,0.12161,0.12948,-0.02723,-0.00989,-0.13753,-0.06554,-0.18343,-0.30052,-0.27276,-0.30345
143.62186 -179.22456,-169.53839,-161.0477,-149.71733,-142.73931,-137.89196,-126.53079,-116.39314,-110.03688,-103.23888,-96.15613,-88.99298,-81.96856,-75.27738,-65.44472,-59.25696,-48.30463,-36.8803,-25.84682,-17.50642,-7.87138,0.38916,8.5429,18.68818,26.40326,37.20005,47.94591,53.56677,63.80751,70.2252,77.09127,84.23957,91.45765,98.52064,105.23059,115.16184,121.32596,132.32236,143.74214,154.71882,163.05555,172.56807 -0.21328,-0.26646,-0.22169,-0.15301,-0.08509,-0.08708,-0.05625,-0.06751,-0.10978,-0.19486,-0.20877,-0.17849,-0.15479,-0.13339,0.02127,0.0079,0.1075,0.13554,0.20507,0.26504,0.30487,0.31562,0.32981,0.34608,0.3215,0.27804,0.26879,0.2046,0.22592,0.24029,0.22286,0.17117,0.12161,0.12948,0.16931,-0.00989,0.07288,-0.06554,-0.18343,-0.20011,-0.27276,-0.19929
153.19665 -179.22456,-171.14763,-163.50204,-153.4387,-142.73931,-132.10449,-122.21302,-116.39314,-110.03688,-95.65521,-89.43866,-81.96856,-75.27738,-69.06033,-63.39525,-53.85245,-43.60122,-33.24714,-23.42806,-15.90538,-7.87138,0.38916,8.5429,16.28151,26.40326,37.20005,47.94591,57.94154,63.80751,70.2252,78.48784,84.6969,90.94832,105.23059,111.44481,117.08508,126.68276,136.95391,147.28171,157.02593,164.55681,172.56807 -0.21328,-0.22504,-0.17916,-0.14299,-0.08509,-0.07612,-0.06384,-0.06751,-0.10978,-0.25723,-0.26998,-0.15479,-0.13339,-0.1255,-0.21442,-0.07838,0.05019,0.1245,0.17817,0.26565,0.30487,0.31562,0.32981,0.32568,0.3215,0.27804,0.26879,0.25283,0.22592,0.24029,0.36959,0.36889,0.3741,0.16931,0.21756,0.31845,0.19008,0.07401,-0.02552,-0.03827,-0.15082,-0.19929
162.77144 -179.71242,-172.45663,-163.50204,-156.50057,-146.80941,-136.94267,-127.46064,-122.21302,-113.49347,-107.80668,-101.8232,-95.65521,-89.43866,-83.31636,-77.41834,-69.06033,-63.39525,-53.85245,-49.16696,-39.64961,-30.25389,-23.42806,-14.60219,-7.38129,0.00959,7.33067,16.28151,23.38683,33.13947,43.09344,52.6691,57.94154,66.74179,72.46328,78.48784,84.6969,90.94832,97.09414,103.00057,111.44481,117.08508,122.13031,131.29859,140.81174,150.1599,157.02593,165.73289,172.93884 -0.12503,-0.14644,-0.17916,-0.10092,-0.06394,-0.07396,-0.09389,-0.06384,-0.12496,-0.14996,-0.22373,-0.25723,-0.26998,-0.3155,-0.33103,-0.1255,-0.21442,-0.07838,-0.16983,-0.02303,0.03732,0.17817,0.20626,0.2616,0.284,0.29565,0.32568,0.32995,0.29118,0.30691,0.29847,0.25283,0.30419,0.34267,0.36959,0.36889,0.3741,0.39422,0.40376,0.21756,0.31845,0.362,0.26025,0.16443,0.10231,-0.03827,-0.02262,-0.09402
172.34624 -179.71242,-172.45663,-165.51446,-156.50057,-150.24762,-141.12991,-132.1446,-127.46064,-118.80507,-113.49347,-107.80668,-101.8232,-83.31636,-77.41834,-71.84665,-66.66816,-58.30427,-49.16696,-45.11309,-36.30815,-30.25389,-21.44264,-14.60219,-7.38129,0.00959,7.33067,14.3552,23.38683,29.74589,38.9233,47.98419,52.6691,61.40732,66.74179,72.46328,97.09414,103.00057,108.56333,113.71464,122.13031,131.29859,135.2641,140.81174,150.1599,158.88011,165.73289,172.93884 -0.12503,-0.14644,-0.10031,-0.10092,-0.04305,-0.06041,-0.09604,-0.09389,-0.10738,-0.12496,-0.14996,-0.22373,-0.3155,-0.33103,-0.32584,-0.35302,-0.3057,-0.16983,-0.19414,-0.1133,0.03732,0.10056,0.20626,0.2616,0.284,0.29565,0.29229,0.32995,0.29415,0.30746,0.32017,0.29847,0.29761,0.30419,0.34267,0.39422,0.40376,0.41717,0.4039,0.362,0.26025,0.24846,0.16443,0.10231,0.09662,-0.02262,-0.09402
181.92103 -173.5441,-165.51446,-159.05459,-150.24762,-141.12991,-132.1446,-123.69829,-118.80507,-113.49347,-106.07477,-100.73724,-95.27414,-89.78034,-84.35399,-79.08597,-71.84665,-66.66816,-61.91535,-53.76958,-45.11309,-36.30815,-27.7538,-21.44264,-13.51954,-6.96366,-0.27669,6.36324,12.78509,20.91032,29.74589,35.34091,43.85025,47.98419,56.50686,61.40732,69.0653,74.20937,79.5661,85.04902,90.55874,95.993,101.25736,108.56333,113.71464,118.42224,126.60002,135.2641,144.04246,152.53069,158.88011,166.6744,173.21905,179.87145 -0.08249,-0.10031,-0.05571,-0.04305,-0.06041,-0.09604,-0.08675,-0.10738,-0.12496,-0.25962,-0.30001,-0.33205,-0.32995,-0.36255,-0.38161,-0.32584,-0.35302,-0.319,-0.32936,-0.19414,-0.1133,-0.05429,0.10056,0.11251,0.18025,0.21085,0.21672,0.23374,0.32168,0.29415,0.2559,0.30116,0.32017,0.2719,0.29761,0.33888,0.38308,0.42626,0.4554,0.52044,0.5584,0.49255,0.41717,0.4039,0.36453,0.31548,0.24846,0.18203,0.1802,0.09662,0.06919,-0.01461,-0.05627
191.49582 -173.5441,-167.19395,-161.2123,-153.17428,-144.75641,-136.30125,-128.16038,-123.69829,-116.06432,-111.2047,-106.07477,-100.73724,-95.27414,-89.78034,-84.35399,-79.08597,-74.05166,-69.30578,-61.91535,-57.59269,-49.74973,-41.60095,-33.46041,-27.7538,-19.78423,-13.51954,-6.96366,-0.27669,6.36324,12.78509,18.85112,26.89016,35.34091,43.85025,52.05495,56.50686,64.20039,69.0653,74.20937,79.5661,85.04902,90.55874,95.993,101.25736,106.27428,110.98818,118.42224,122.68262,130.53838,138.67317,146.7676,152.53069,160.39647,166.6744,173.21905,179.87145 -0.08249,-0.067,-0.05088,-0.04315,-0.04106,-0.07794,-0.06235,-0.08675,-0.19751,-0.2362,-0.25962,-0.30001,-0.33205,-0.32995,-0.36255,-0.38161,-0.35436,-0.29283,-0.319,-0.2274,-0.28729,-0.22083,-0.15701,-0.05429,0.01372,0.11251,0.18025,0.21085,0.21672,0.23374,0.26711,0.27609,0.2559,0.30116,0.23947,0.2719,0.32655,0.33888,0.38308,0.42626,0.4554,0.52044,0.5584,0.49255,0.40593,0.31364,0.36453,0.25449,0.21713,0.21287,0.18101,0.1802,0.16923,0.06919,-0.01461,-0.05627
201.07061 -174.4631,-168.61646,-161.2123,-155.68589,-147.90694,-139.98108,-132.20115,-128.16038,-120.61257,-116.06432,-111.2047,-104.69241,-99.87792,-94.97457,-90.05095,-85.17749,-80.42036,-74.05166,-69.30578,-64.88146,-57.59269,-49.74973,-46.19249,-38.54772,-33.46041,-25.63898,-18.37862,-12.60432,-6.60233,-0.49675,5.5763,11.4849,18.85112,24.46795,32.25611,40.21465,48.04193,52.05495,59.65843,64.20039,69.0653,75.60666,80.42289,85.32856,90.25155,95.11835,99.86024,106.27428,110.98818,115.36608,122.68262,130.53838,134.0009,141.61288,146.7676,154.508,160.39647,167.44185,173.43483,179.5112 -0.04902,-0.07818,-0.05088,-0.05137,-0.03891,-0.0485,-0.02345,-0.06235,-0.09815,-0.19751,-0.2362,-0.29087,-0.34238,-0.34898,-0.32162,-0.30151,-0.26989,-0.35436,-0.29283,-0.2041,-0.2274,-0.28729,-0.2578,-0.22476,-0.15701,-0.09225,-0.023,0.01821,0.04738,0.08397,0.10499,0.12607,0.26711,0.24347,0.1996,0.21744,0.22192,0.23947,0.28835,0.32655,0.33888,0.35882,0.39171,0.42337,0.50017,0.50217,0.346,0.40593,0.31364,0.2362,0.25449,0.21713,0.14236,0.14254,0.18101,0.18888,0.16923,0.09561,0.04022,-0.00183
210.6454 -174.4631,-168.61646,-163.05634,-155.68589,-150.65568,-143.23822,-135.84494,-132.20115,-124.82888,-120.61257,-113.82123,-109.3568,-104.69241,-99.87792,-94.97457,-90.05095,-85.17749,-80.42036,-75.83638,-71.46963,-64.88146,-60.7925,-53.6849,-46.19249,-38.54772,-31.01341,-23.82946,-18.37862,-12.60432,-6.28599,-0.66871,5.5763,11.4849,17.1183,24.46795,29.58893,37.019,44.44208,48.04193,55.46153,59.65843,66.48889,70.94452,75.60666,80.42289,85.32856,90.25155,95.11835,99.86024,104.41868,115.36608,119.39515,126.514,134.0009,141.61288,149.08476,156.1765,161.65571,167.44185,173.43483,179.5112 -0.04902,-0.07818,-0.06886,-0.05137,-0.03631,-0.03601,0.00163,-0.02345,-0.02553,-0.09815,-0.223,-0.25543,-0.29087,-0.34238,-0.34898,-0.32162,-0.30151,-0.26989,-0.19694,-0.1259,-0.2041,-0.12054,-0.16529,-0.2578,-0.22476,-0.15541,-0.09439,-0.023,0.01821,-0.03563,-0.02341,0.10499,0.12607,0.15684,0.24347,0.16754,0.15548,0.17291,0.22192,0.22657,0.28835,0.3464,0.34989,0.35882,0.39171,0.42337,0.50017,0.50217,0.346,0.19305,0.2362,0.13093,0.13835,0.14236,0.14254,0.11912,0.09724,0.13656,0.09561,0.04022,-0.00183
220.22019 -175.25073,-169.8366,-163.05634,-157.85882,-150.65568,-143.23822,-135.84494,-128.70943,-124.82888,-118.04957,-113.82123,-109.3568,-103.56457,-99.1812,-94.73285,-90.27083,-85.8474,-81.51216,-75.83638,-71.46963,-67.35029,-60.7925,-57.03737,-50.16437,-43.0432,-35.88124,-28.89369,-23.82946,-17.17223,-11.81973,-6.28599,-0.66871,4.92558,10.39316,17.1183,22.39644,29.58893,37.019,44.44208,51.61363,55.46153,62.27787,66.48889,70.94452,76.74894,81.11976,85.55582,90.00341,94.40796,104.41868,108.74864,112.81986,119.39515,123.07853,129.94659,137.04503,144.15883,151.07123,156.1765,162.71566,168.07753,173.60369,179.19567 -0.03733,-0.07352,-0.06886,-0.04044,-0.03631,-0.03601,0.00163,0.03386,-0.02553,-0.10888,-0.223,-0.25543,-0.20231,-0.23076,-0.22302,-0.1932,-0.15805,-0.12012,-0.19694,-0.1259,-0.07402,-0.12054,-0.06287,-0.10903,-0.25751,-0.16919,-0.1392,-0.09439,-0.03683,-0.03242,-0.03563,-0.02341,-0.00369,0.02435,0.15684,0.16804,0.16754,0.15548,0.17291,0.16353,0.22657,0.31469,0.3464,0.34989,0.28062,0.29543,0.30237,0.32089,0.29569,0.19305,0.09878,0.03344,0.13093,0.03029,0.06531,0.06209,0.03604,-0.0054,0.09724,-0.0084,0.01735,0.01283,0.00594
229.79498 -175.25073,-169.8366,-164.64872,-157.85882,-153.06593,-146.12557,-139.12389,-132.26296,-128.70943,-122.01942,-118.04957,-111.95616,-107.8361,-103.56457,-99.1812,-94.73285,-90.27083,-85.8474,-81.51216,-77.30881,-71.46963,-67.35029,-63.49524,-57.03737,-53.60366,-46.99745,-40.24985,-33.54052,-28.89369,-22.26525,-17.17223,-11.81973,-6.00641,-0.80506,4.37974,10.39316,15.64405,20.61034,27.27115,34.20654,41.22095,48.10518,51.61363,58.33499,62.27787,68.39229,72.49256,76.74894,81.11976,85.55582,90.00341,94.40796,98.71797,102.88834,108.74864,112.81986,116.61602,123.07853,129.94659,133.01678,139.72645,146.37532,151.07123,157.59965,162.71566,168.07753,173.73777,178.91677 -0.03733,-0.07352,-0.0543,-0.04044,0.00542,-0.02372,0.03665,0.04357,0.03386,-0.03904,-0.10888,-0.16258,-0.19298,-0.20231,-0.23076,-0.22302,-0.1932,-0.15805,-0.12012,-0.06228,-0.1259,-0.07402,-0.05251,-0.06287,0.04368,-0.10143,-0.16529,-0.1009,-0.1392,-0.10445,-0.03683,-0.03242,-0.03194,-0.0485,-0.06222,0.02435,0.0668,0.04981,0.1248,0.11846,0.11861,0.13139,0.16353,0.26472,0.31469,0.3278,0.30107,0.28062,0.29543,0.30237,0.32089,0.29569,0.14832,0.01938,0.09878,0.03344,-0.03641,0.03029,0.06531,-0.00436,-0.04192,-0.06919,-0.0054,-0.03825,-0.0084,0.01735,-0.04007,-0.00916
239.36977 -175.93365,-170.89446,-166.03672,-159.75329,-153.06593,-148.69165,-142.07317,-135.50649,-132.26296,-125.7207,-122.01942,-115.89403,-111.95616,-107.8361,-102.62689,-98.60459,-94.53357,-90.45315,-86.40321,-81.51216,-77.30881,-73.27289,-69.43073,-63.49524,-59.90994,-53.60366,-46.99745,-40.24985,-33.54052,-27.04331,-22.26525,-16.12561,-11.13926,-6.00641,-0.80506,4.37974,9.46505,14.37703,20.61034,25.24578,31.72503,38.34071,44.91762,48.10518,54.67065,58.33499,64.48044,68.39229,72.49256,81.69689,85.74405,89.79897,98.71797,102.88834,106.88271,110.67453,116.61602,120.13275,126.4306,133.01678,139.72645,146.37532,152.788,157.59965,163.61868,168.6117,173.73777,178.91677 -0.02695,-0.04376,-0.03128,0.00363,0.00542,0.02995,0.04456,0.06891,0.04357,-0.00774,-0.03904,-0.08158,-0.16258,-0.19298,-0.17259,-0.19486,-0.16563,-0.13339,-0.08893,-0.12012,-0.06228,-0.03268,-0.00793,-0.05251,-0.03955,0.04368,-0.10143,-0.16529,-0.1009,-0.17874,-0.10445,-0.01697,-0.02766,-0.03194,-0.0485,-0.06222,-0.05316,-0.03972,0.04981,0.00076,0.06206,0.06535,0.12199,0.13139,0.20691,0.26472,0.31035,0.3278,0.30107,0.21379,0.17743,0.13868,0.14832,0.01938,-0.0442,-0.097,-0.03641,-0.08658,0.00175,-0.00436,-0.04192,-0.06919,-0.0726,-0.03825,-0.10471,-0.07141,-0.04007,-0.00916
248.94456 -176.53157,-170.89446,-166.03672,-161.41692,-155.19052,-148.69165,-144.72803,-142.07317,-135.50649,-129.15328,-125.7207,-119.62828,-115.89403,-110.38387,-106.56394,-102.62689,-98.60459,-94.53357,-90.45315,-86.40321,-82.42186,-78.54336,-73.27289,-69.43073,-65.79942,-59.90994,-56.59099,-50.47213,-44.14873,-37.76539,-31.47481,-25.41649,-20.9008,-16.12561,-10.54333,-5.75751,-0.91468,3.91602,9.46505,14.37703,19.05817,25.24578,31.72503,35.76356,38.34071,44.91762,51.28452,54.67065,60.77942,64.48044,69.99631,73.78724,77.69854,81.69689,85.74405,89.79897,93.82008,97.76784,101.60693,106.88271,110.67453,114.24702,120.13275,123.37488,129.47278,135.76264,142.0953,148.31554,152.788,158.82561,163.61868,168.6117,173.84535,178.66844 0.00556,-0.04376,-0.03128,0.00635,0.05537,0.02995,0.05034,0.04456,0.06891,0.01564,-0.00774,-0.03191,-0.08158,-0.05769,-0.13073,-0.17259,-0.19486,-0.16563,-0.13339,-0.08893,-0.06603,-0.04774,-0.03268,-0.00793,0.01486,-0.03955,-0.01335,0.00866,-0.09354,-0.05496,-0.14024,-0.1351,-0.05863,-0.01697,-0.02549,-0.03544,-0.03705,-0.08019,-0.05316,-0.03972,-0.07881,0.00076,0.06206,0.02929,0.06535,0.12199,0.17804,0.20691,0.30725,0.31035,0.29236,0.25672,0.23153,0.21379,0.17743,0.13868,0.1035,0.01305,-0.04715,-0.0442,-0.097,-0.14753,-0.08658,-0.06813,-0.03847,-0.07484,-0.09919,-0.08496,-0.0726,-0.11386,-0.10471,-0.07141,-0.02967,-0.01267
258.51935 -176.53157,-171.82015,-167.25613,-161.41692,-157.07319,-150.97947,-144.72803,-138.46184,-132.32453,-129.15328,-123.14622,-119.62828,-114.06071,-110.38387,-106.56394,-102.62689,-98.1194,-94.3664,-90.60686,-82.42186,-78.54336,-74.79655,-71.204,-65.79942,-62.38766,-56.59099,-53.5286,-47.61986,-41.58363,-35.54831,-29.64216,-25.41649,-19.701,-15.20919,-10.54333,-5.75751,-0.91468,3.91602,8.66729,13.27811,19.05817,23.46574,29.52815,35.76356,42.02728,48.16826,51.28452,57.30231,60.77942,66.35286,69.99631,73.78724,77.69854,81.69689,93.82008,97.76784,101.60693,105.30781,108.84769,114.24702,117.59219,123.37488,129.47278,132.23011,138.22114,144.1955,148.31554,154.28317,158.82561,164.39635,169.06623,173.84535,178.66844 0.00556,0.0118,0.00436,0.00635,0.05422,0.05599,0.05034,0.07864,0.01816,0.01564,-0.01804,-0.03191,-6e-05,-0.05769,-0.13073,-0.17259,-0.19552,-0.16849,-0.17122,-0.06603,-0.04774,-0.06449,-0.0859,0.01486,-0.02525,-0.01335,-0.03528,-0.0779,-0.07319,-0.07303,-0.09982,-0.1351,-0.0333,-0.00917,-0.02549,-0.03544,-0.03705,-0.08019,-0.11348,-0.13997,-0.07881,-0.10527,-0.01992,0.02929,0.12704,0.17501,0.17804,0.2878,0.30725,0.29911,0.29236,0.25672,0.23153,0.21379,0.1035,0.01305,-0.04715,-0.06931,-0.09507,-0.14753,-0.14906,-0.06813,-0.03847,-0.0778,-0.10991,-0.10467,-0.08496,-0.10138,-0.11386,-0.10351,-0.06569,-0.02967,-0.01267
268.09414 -177.05937,-172.6367,-167.25613,-162.88755,-157.07319,-153.02633,-147.12124,-141.15292,-135.2468,-132.32453,-126.44297,-120.9135,-117.57495,-114.06071,-109.04154,-105.4844,-101.83507,-98.1194,-94.3664,-90.60686,-86.87192,-83.1915,-79.59289,-74.79655,-71.204,-67.78177,-62.38766,-59.19715,-53.5286,-47.61986,-45.02262,-39.26992,-35.54831,-29.64216,-23.97679,-19.701,-15.20919,-10.01718,-5.5346,-1.00403,3.51753,7.97471,13.27811,17.69916,23.46574,27.57571,33.45392,39.40819,45.30816,48.16826,54.05357,57.30231,62.87711,66.35286,69.99631,74.88438,78.49964,82.1824,85.90245,89.62772,93.32587,96.9659,105.30781,108.84769,112.21056,117.59219,120.70941,126.35385,132.23011,138.22114,144.1955,150.02386,155.59486,159.89131,164.39635,169.45738,173.93302,178.44606 0.03863,0.05899,0.00436,0.03933,0.05422,0.05563,0.076,0.07799,0.05003,0.01816,0.02771,-0.00903,0.00615,-6e-05,-0.06919,-0.11712,-0.16293,-0.19552,-0.16849,-0.17122,-0.18423,-0.16797,-0.19057,-0.06449,-0.0859,-0.11246,-0.02525,-0.09683,-0.03528,-0.0779,-0.10561,-0.10983,-0.07303,-0.09982,-0.05858,-0.0333,-0.00917,-0.04128,-0.05124,-0.01837,-0.06701,-0.14886,-0.13997,-0.14998,-0.10527,-0.06982,0.01316,0.09789,0.19063,0.17501,0.24356,0.2878,0.33001,0.29911,0.29236,0.22705,0.21473,0.17434,0.12809,0.10799,0.09882,0.05791,-0.06931,-0.09507,-0.16158,-0.14906,-0.1099,-0.12651,-0.0778,-0.10991,-0.10467,-0.08917,-0.1191,-0.12824,-0.10351,-0.03467,-0.00533,0.00547
277.66894 -177.05937,-172.6367,-168.33511,-162.88755,-158.74999,-153.02633,-149.28298,-143.60394,-137.93553,-135.2468,-129.51987,-124.06926,-120.9135,-117.57495,-112.48463,-109.04154,-105.4844,-101.83507,-98.1194,-86.87192,-83.1915,-79.59289,-76.09973,-72.73117,-67.78177,-64.53973,-59.19715,-56.22407,-50.70881,-45.02262,-39.26992,-33.56273,-28.00785,-23.97679,-18.63845,-14.40035,-10.01718,-5.5346,-1.00403,3.51753,7.97471,12.31662,17.69916,21.89234,27.57571,31.37919,37.03409,42.68722,45.30816,51.03121,56.47604,59.58246,62.87711,67.95984,71.36355,74.88438,78.49964,82.1824,85.90245,89.62772,93.32587,96.9659,100.51966,103.96304,108.84769,112.21056,115.38711,120.70941,123.60369,129.08533,134.72884,140.42665,146.06491,151.53671,155.59486,160.82544,165.07264,169.45738,173.93302,178.44606 0.03863,0.05899,0.07376,0.03933,0.07722,0.05563,0.0793,0.11003,0.10479,0.05003,0.04618,0.01463,-0.00903,0.00615,-0.0229,-0.06919,-0.11712,-0.16293,-0.19552,-0.18423,-0.16797,-0.19057,-0.22232,-0.22955,-0.11246,-0.13756,-0.09683,-0.13462,-0.0828,-0.10561,-0.10983,-0.06876,-0.04659,-0.05858,-0.05118,-0.04146,-0.04128,-0.05124,-0.01837,-0.06701,-0.14886,-0.21431,-0.14998,-0.13507,-0.06982,0.02162,0.0811,0.18267,0.19063,0.22433,0.32184,0.33182,0.33001,0.29908,0.25853,0.22705,0.21473,0.17434,0.12809,0.10799,0.09882,0.05791,-0.00353,-0.0901,-0.09507,-0.16158,-0.17045,-0.1099,-0.14316,-0.17642,-0.08862,-0.1429,-0.09109,-0.08949,-0.1191,-0.0626,-0.05273,-0.03467,-0.00533,0.00547
287.24373 -177.52851,-173.36198,-168.33511,-164.1957,-160.25068,-154.86426,-149.28298,-143.60394,-137.93553,-132.38296,-127.03999,-124.06926,-118.96417,-115.79639,-112.48463,-107.88295,-104.5571,-101.1575,-97.70538,-94.22411,-90.73827,-87.27264,-83.85111,-80.49579,-76.09973,-72.73117,-69.50181,-64.53973,-61.48231,-56.22407,-53.46065,-48.11531,-42.65639,-37.17839,-31.77791,-28.00785,-22.69504,-18.63845,-13.68151,-9.5494,-5.33388,-1.07788,3.17148,7.36797,12.31662,16.50087,20.49378,25.83332,31.37919,37.03409,42.68722,48.22825,51.03121,56.47604,59.58246,64.69109,67.95984,71.36355,75.82501,79.18405,82.59632,86.03757,89.48228,92.9048,96.28045,100.51966,103.96304,107.2766,110.4459,115.38711,118.37375,123.60369,129.08533,131.58728,136.9948,142.41017,147.73587,151.53671,156.7533,160.82544,165.07264,169.7975,174.00558,178.24597 0.08176,0.10001,0.07376,0.09915,0.1,0.077,0.0793,0.11003,0.10479,0.07387,0.02436,0.01463,-0.00696,-0.01786,-0.0229,-0.18037,-0.17709,-0.16254,-0.16811,-0.18726,-0.23569,-0.24913,-0.25604,-0.30182,-0.22232,-0.22955,-0.1944,-0.13756,-0.16961,-0.13462,-0.15799,-0.13035,-0.16056,-0.12162,-0.04587,-0.04659,-0.04322,-0.05118,-0.07032,-0.07945,-0.08492,-0.05726,-0.09712,-0.17431,-0.21431,-0.19604,-0.15629,-0.08722,0.02162,0.0811,0.18267,0.20361,0.22433,0.32184,0.33182,0.33386,0.29908,0.25853,0.17994,0.17584,0.13997,0.10748,0.0942,0.07985,0.02603,-0.00353,-0.0901,-0.16919,-0.23432,-0.17045,-0.13614,-0.14316,-0.17642,-0.16307,-0.09356,-0.1341,-0.05653,-0.08949,-0.05736,-0.0626,-0.05273,0.02333,0.04902,0.07139
296.81852 -177.52851,-173.36198,-169.2959,-165.36572,-160.25068,-156.52063,-151.24029,-145.83843,-140.40769,-135.04151,-129.82748,-127.03999,-121.97982,-118.96417,-115.79639,-111.11665,-107.88295,-104.5571,-101.1575,-97.70538,-94.22411,-90.73827,-87.27264,-83.85111,-80.49579,-77.22619,-74.05869,-69.50181,-66.42162,-61.48231,-58.60929,-53.46065,-50.89645,-45.73083,-40.49831,-35.28305,-31.77791,-26.54355,-22.69504,-17.69152,-13.68151,-9.5494,-5.33388,-1.07788,3.17148,7.36797,11.46878,15.4373,20.49378,24.27176,29.5102,34.87972,40.28689,45.63426,48.22825,53.55964,58.60521,61.57017,64.69109,69.35162,72.5412,75.82501,79.18405,82.59632,86.03757,89.48228,92.9048,96.28045,99.58654,102.80317,107.2766,110.4459,113.46132,118.37375,121.17151,126.28412,131.58728,136.9948,139.05248,142.41017,147.73587,152.88386,156.7533,161.65051,165.666,169.7975,174.00558,178.24597 0.08176,0.10001,0.13517,0.14183,0.1,0.11437,0.0735,0.08833,0.13276,0.10272,0.04,0.02436,0.01079,-0.00696,-0.01786,-0.13524,-0.18037,-0.17709,-0.16254,-0.16811,-0.18726,-0.23569,-0.24913,-0.25604,-0.30182,-0.32082,-0.29534,-0.1944,-0.21532,-0.16961,-0.17371,-0.15799,-0.16613,-0.17832,-0.1693,-0.12118,-0.04587,-0.06408,-0.04322,-0.0784,-0.07032,-0.07945,-0.08492,-0.05726,-0.09712,-0.17431,-0.26997,-0.2476,-0.15629,-0.11225,0.00326,0.09507,0.15937,0.2202,0.20361,0.31488,0.30583,0.28799,0.33386,0.27945,0.19587,0.17994,0.17584,0.13997,0.10748,0.0942,0.07985,0.02603,-0.09381,-0.26012,-0.16919,-0.23432,-0.20902,-0.13614,-0.11792,-0.18039,-0.16307,-0.09356,-0.083,-0.1341,-0.05653,-0.02807,-0.05736,0.03198,0.02811,0.02333,0.04902,0.07139
306.39331 -177.94797,-174.0101,-170.15629,-165.36572,-161.59987,-156.52063,-153.01703,-147.87824,-142.68069,-137.5069,-135.04151,-129.82748,-124.83917,-121.97982,-117.25041,-114.24304,-111.11665,-107.88295,-103.75209,-100.57108,-97.34786,-94.1015,-90.85194,-87.61921,-84.42276,-81.28071,-77.22619,-74.05869,-71.00626,-66.42162,-63.49639,-58.60929,-55.91716,-50.89645,-45.73083,-40.49831,-35.28305,-30.16769,-25.22566,-21.54768,-17.69152,-13.03882,-9.13105,-5.15263,-1.13984,2.86807,6.83203,10.71573,15.4373,19.24388,24.27176,27.82142,32.92153,38.08828,43.23668,45.63426,50.8307,55.80012,58.60521,61.57017,66.27184,69.35162,72.5412,75.82501,79.77522,82.95324,86.15411,89.35725,92.54197,99.58654,102.80317,105.9138,108.90554,113.46132,116.31764,121.17151,123.7851,128.76261,133.87852,139.05248,144.19919,149.23579,152.88386,157.78325,161.65051,166.19085,170.09608,174.06654,178.06497 0.16453,0.18089,0.20118,0.14183,0.15086,0.11437,0.10976,0.08748,0.08815,0.09109,0.10272,0.04,0.02055,0.01079,-0.04512,-0.08306,-0.13524,-0.18037,-0.19123,-0.17565,-0.19715,-0.22243,-0.24515,-0.24247,-0.27236,-0.33331,-0.32082,-0.29534,-0.22767,-0.21532,-0.25623,-0.17371,-0.16659,-0.16613,-0.17832,-0.1693,-0.12118,-0.08755,-0.07733,-0.05349,-0.0784,-0.11956,-0.13917,-0.15421,-0.16249,-0.17694,-0.1977,-0.29917,-0.2476,-0.18725,-0.11225,-0.0737,0.08139,0.14839,0.22345,0.2202,0.25761,0.32358,0.30583,0.28799,0.27004,0.27945,0.19587,0.17994,0.08048,-0.00372,-0.05958,-0.07273,-0.10744,-0.09381,-0.26012,-0.28514,-0.27269,-0.20902,-0.15335,-0.11792,-0.10171,-0.15374,-0.09068,-0.083,-0.05088,0.03104,-0.02807,0.04501,0.03198,0.13184,0.11325,0.12909,0.15391
315.9681 -177.94797,-174.0101,-170.15629,-166.41728,-161.59987,-158.0187,-153.01703,-147.87824,-144.77156,-139.7915,-137.5069,-132.4367,-127.54143,-124.83917,-120.13045,-117.25041,-114.24304,-109.91906,-106.87327,-103.75209,-100.57108,-97.34786,-94.1015,-90.85194,-87.61921,-84.42276,-81.28071,-78.20934,-75.22262,-71.00626,-68.07844,-63.49639,-60.72822,-55.91716,-53.39966,-48.51944,-43.53802,-38.52717,-33.56098,-28.70981,-25.22566,-20.51554,-16.84289,-13.03882,-9.13105,-4.98852,-1.19264,2.86807,6.83203,10.71573,14.48743,19.24388,22.86628,27.82142,32.92153,38.08828,43.23668,48.28345,53.15518,55.80012,60.4857,63.31376,66.27184,73.56501,76.63976,79.77522,82.95324,86.15411,89.35725,92.54197,95.68832,98.77773,101.79368,105.9138,108.90554,111.7691,116.31764,119.01349,123.7851,128.76261,131.05247,135.9777,140.92445,145.81781,149.23579,154.08985,157.78325,162.3844,166.19085,170.09608,174.06654,178.06497 0.16453,0.18089,0.20118,0.19337,0.15086,0.1844,0.10976,0.08748,0.06352,0.05524,0.09109,0.03599,0.03057,0.02055,-0.04195,-0.04512,-0.08306,-0.167,-0.17751,-0.19123,-0.17565,-0.19715,-0.22243,-0.24515,-0.24247,-0.27236,-0.33331,-0.34518,-0.3131,-0.22767,-0.22825,-0.25623,-0.2241,-0.16659,-0.14458,-0.15436,-0.1826,-0.16432,-0.1565,-0.13529,-0.07733,-0.12032,-0.13382,-0.11956,-0.13917,-0.22501,-0.22819,-0.17694,-0.1977,-0.29917,-0.31857,-0.18725,-0.11326,-0.0737,0.08139,0.14839,0.22345,0.24899,0.2586,0.32358,0.26375,0.21393,0.27004,0.05223,0.09362,0.08048,-0.00372,-0.05958,-0.07273,-0.10744,-0.20653,-0.31014,-0.33707,-0.28514,-0.27269,-0.23059,-0.15335,-0.08387,-0.10171,-0.15374,-0.07096,-0.04739,-0.01682,0.06614,0.03104,0.07695,0.04501,0.10144,0.13184,0.11325,0.12909,0.15391
325.54289 -178.32489,-174.59232,-170.93064,-166.41728,-162.818,-158.0187,-154.63407,-149.74324,-144.77156,-139.7915,-134.87477,-130.08875,-127.54143,-122.87797,-120.13045,-115.73414,-112.87623,-109.91906,-106.87327,-103.04675,-100.05855,-97.03593,-93.9947,-90.95123,-87.92201,-84.92304,-81.28071,-78.20934,-75.22262,-72.33201,-68.07844,-65.28153,-62.61886,-58.11619,-53.39966,-51.04879,-46.3168,-41.52014,-36.72366,-31.99216,-28.70981,-24.03459,-20.51554,-16.07855,-12.46118,-8.75502,-4.98852,-1.19264,2.59965,6.35501,10.0424,14.48743,18.12106,22.86628,26.29053,31.13804,36.07298,41.02184,45.90986,48.28345,53.15518,57.79265,60.4857,63.31376,67.65925,70.56701,73.56501,76.63976,79.77522,86.25559,95.68832,98.77773,101.79368,104.72208,108.90554,111.7691,114.49864,119.01349,121.55062,126.22184,131.05247,133.16763,137.90294,142.63112,145.81781,150.58789,155.17496,158.7046,162.3844,166.65858,170.36052,174.11859,177.90112 0.22823,0.25047,0.25357,0.19337,0.20033,0.1844,0.17834,0.09313,0.06352,0.05524,0.0094,-0.03088,0.03057,-0.0398,-0.04195,-0.14163,-0.15046,-0.167,-0.17751,-0.17008,-0.1509,-0.16363,-0.21036,-0.23483,-0.25423,-0.28359,-0.33331,-0.34518,-0.3131,-0.31724,-0.22825,-0.31299,-0.33249,-0.18229,-0.14458,-0.14201,-0.17887,-0.18868,-0.18228,-0.16935,-0.13529,-0.10007,-0.12032,-0.19841,-0.1824,-0.20923,-0.22501,-0.22819,-0.22781,-0.24376,-0.30847,-0.31857,-0.25739,-0.11326,-0.08342,0.00458,0.14428,0.22655,0.26102,0.24899,0.2586,0.28605,0.26375,0.21393,0.17427,0.14161,0.05223,0.09362,0.08048,-0.30258,-0.20653,-0.31014,-0.33707,-0.29788,-0.27269,-0.23059,-0.15261,-0.08387,-0.02031,-0.05912,-0.07096,-0.03043,0.01532,0.09592,0.06614,0.10993,0.12637,0.09345,0.10144,0.18862,0.18444,0.20507,0.20821
335.11768 -178.66523,-174.59232,-170.93064,-167.36663,-163.9225,-159.37827,-154.63407,-151.4515,-146.69653,-141.90825,-137.1503,-132.48507,-130.08875,-125.49054,-122.87797,-118.48473,-115.73414,-112.87623,-108.86247,-105.9858,-103.04675,-100.05855,-97.03593,-93.9947,-90.95123,-87.92201,-84.92304,-81.96935,-79.07464,-75.22262,-72.33201,-69.54638,-65.28153,-62.61886,-60.09128,-55.65703,-51.04879,-46.3168,-44.27569,-39.66139,-36.72366,-31.99216,-27.38537,-24.03459,-19.58287,-16.07855,-12.46118,-8.41558,-4.83961,-1.23839,2.36019,6.35501,10.0424,13.63417,17.10741,21.59595,26.29053,29.5099,34.22348,38.97571,43.7003,45.90986,50.66779,55.23664,57.79265,62.15493,64.85255,67.65925,70.56701,74.46239,77.35169,80.29058,83.26395,86.25559,89.24863,92.2262,95.17191,98.07043,101.79368,104.72208,107.55151,110.27333,114.49864,117.09136,121.55062,123.93317,128.49072,133.16763,137.90294,142.63112,147.28703,151.81176,155.17496,159.53348,163.04124,166.65858,170.36052,174.16378,177.75251 0.24461,0.25047,0.25357,0.24017,0.24066,0.21912,0.17834,0.10207,0.0743,0.05995,0.01653,-0.03149,-0.03088,-0.02177,-0.0398,-0.16343,-0.14163,-0.15046,-0.18512,-0.14762,-0.17008,-0.1509,-0.16363,-0.21036,-0.23483,-0.25423,-0.28359,-0.32266,-0.37035,-0.3131,-0.31724,-0.34697,-0.31299,-0.33249,-0.30688,-0.20136,-0.14201,-0.17887,-0.20873,-0.22636,-0.18228,-0.16935,-0.16139,-0.10007,-0.19483,-0.19841,-0.1824,-0.26423,-0.24985,-0.27819,-0.31611,-0.24376,-0.30847,-0.31271,-0.26191,-0.16099,-0.08342,-0.00205,0.09172,0.21629,0.26272,0.26102,0.22095,0.22866,0.28605,0.29136,0.2198,0.17427,0.14161,-0.21246,-0.23977,-0.23901,-0.26499,-0.30258,-0.35081,-0.32872,-0.31996,-0.29881,-0.33707,-0.29788,-0.25054,-0.2113,-0.15261,-0.05615,-0.02031,0.07235,0.00485,-0.03043,0.01532,0.09592,0.14816,0.15667,0.12637,0.14222,0.16487,0.18862,0.18444,0.24388,0.24147
344.69247 -178.66523,-175.11778,-171.63071,-167.36663,-163.9225,-160.61619,-156.10973,-151.4515,-148.47104,-143.86992,-139.27269,-134.736,-132.48507,-127.96818,-125.49054,-121.12244,-118.48473,-114.38457,-111.66525,-108.86247,-105.9858,-99.60662,-96.76127,-93.90075,-91.03873,-88.18888,-85.36455,-81.96935,-79.07464,-76.2509,-73.5082,-69.54638,-66.87207,-64.31307,-60.09128,-55.65703,-53.34567,-48.85545,-44.27569,-39.66139,-35.07038,-30.55913,-27.38537,-22.95393,-19.58287,-15.38708,-11.93961,-8.41558,-4.83961,-1.23839,2.36019,5.92744,9.43663,13.63417,17.10741,20.44309,24.89821,29.5099,34.22348,37.08449,38.97571,43.7003,48.33316,52.8172,55.23664,59.57183,62.15493,64.85255,68.88503,71.63627,74.46239,77.35169,80.29058,83.26395,86.25559,89.24863,92.2262,95.17191,98.07043,100.90791,103.67229,107.55151,110.27333,112.88154,117.09136,119.54708,123.93317,126.16707,130.60191,135.12205,139.67107,144.19078,148.62504,151.81176,156.15604,159.53348,163.63295,167.07827,170.59667,174.16378,177.75251 0.24461,0.26787,0.26835,0.24017,0.24066,0.23975,0.21354,0.10207,0.04397,0.10324,0.02808,0.00395,-0.03149,-0.07568,-0.02177,-0.15917,-0.16343,-0.13906,-0.17168,-0.18512,-0.14762,-0.18201,-0.19425,-0.22252,-0.23983,-0.28933,-0.31417,-0.32266,-0.37035,-0.40666,-0.46156,-0.34697,-0.43804,-0.49289,-0.30688,-0.20136,-0.24047,-0.21931,-0.20873,-0.22636,-0.17095,-0.17975,-0.16139,-0.15336,-0.19483,-0.26659,-0.26074,-0.26423,-0.24985,-0.27819,-0.31611,-0.32622,-0.32359,-0.31271,-0.26191,-0.20022,-0.08543,-0.00205,0.09172,0.12007,0.21629,0.26272,0.22628,0.18953,0.22866,0.25588,0.29136,0.2198,-0.01384,-0.08681,-0.21246,-0.23977,-0.23901,-0.26499,-0.30258,-0.35081,-0.32872,-0.31996,-0.29881,-0.25331,-0.20718,-0.25054,-0.2113,-0.15601,-0.05615,0.01375,0.07235,0.10994,0.05155,0.07557,0.15568,0.19315,0.1921,0.15667,0.1742,0.14222,0.214,0.20665,0.23068,0.24388,0.24147
354.26726 -178.97366,-175.59394,-171.63071,-168.22726,-164.92728,-160.61619,-157.4599,-153.01926,-148.47104,-143.86992,-139.27269,-134.736,-130.3128,-127.96818,-123.64395,-121.12244,-117.01283,-114.38457,-111.66525,-107.9238,-105.19978,-102.42361,-99.60662,-96.76127,-93.90075,-91.03873,-88.18888,-85.36455,-82.57837,-79.84194,-76.2509,-73.5082,-70.85466,-66.87207,-64.31307,-61.87127,-57.69751,-53.34567,-51.17584,-46.80995,-42.38354,-37.94711,-33.55182,-30.55913,-26.17827,-21.96994,-18.73657,-15.38708,-11.93961,-8.10802,-4.70429,-1.27873,2.1449,5.54169,9.43663,12.86357,16.18804,20.44309,23.62774,28.0199,32.52356,37.08449,41.64443,46.14493,50.53188,52.8172,57.10626,59.57183,62.15493,66.21833,68.88503,71.63627,77.97868,80.74359,83.53676,86.34468,89.1534,91.94896,94.71776,100.90791,103.67229,106.35354,108.94375,112.88154,115.37258,119.54708,121.86776,126.16707,130.60191,132.56599,136.92922,141.29759,144.19078,148.62504,152.924,156.15604,160.28314,163.63295,167.07827,170.80921,174.20372,177.61749 0.26528,0.28908,0.26835,0.26896,0.28618,0.23975,0.22076,0.11892,0.04397,0.10324,0.02808,0.00395,-0.06624,-0.07568,-0.11804,-0.15917,-0.16688,-0.13906,-0.17168,-0.15354,-0.16572,-0.17243,-0.18201,-0.19425,-0.22252,-0.23983,-0.28933,-0.31417,-0.35693,-0.43194,-0.40666,-0.46156,-0.5,-0.43804,-0.49289,-0.4359,-0.36639,-0.24047,-0.32759,-0.29986,-0.23348,-0.22372,-0.17962,-0.17975,-0.18623,-0.22152,-0.23816,-0.26659,-0.26074,-0.28862,-0.28255,-0.33681,-0.38742,-0.39593,-0.32359,-0.29194,-0.25995,-0.20022,-0.09627,-0.0007,0.06805,0.12007,0.20945,0.20544,0.21069,0.18953,0.18979,0.25588,0.29136,0.11165,-0.01384,-0.08681,-0.37026,-0.37556,-0.36924,-0.368,-0.34714,-0.31918,-0.32205,-0.25331,-0.20718,-0.19048,-0.17563,-0.15601,-0.06974,0.01375,0.09536,0.10994,0.05155,0.1296,0.1995,0.28039,0.19315,0.1921,0.22067,0.1742,0.20644,0.214,0.20665,0.29016,0.28373,0.26477
363.84205 -178.97366,-175.59394,-172.26615,-169.01038,-164.92728,-161.74684,-157.4599,-154.46093,-150.10877,-145.68885,-141.25175,-136.84819,-132.52784,-130.3128,-126.04795,-123.64395,-119.54443,-117.01283,-113.17665,-110.5856,-107.9238,-105.19978,-102.42361,-99.20507,-96.51749,-93.81744,-91.1164,-88.42588,-85.36455,-82.57837,-79.84194,-77.16558,-74.55817,-70.85466,-68.29641,-65.8377,-61.87127,-59.54679,-55.43467,-51.17584,-49.14045,-44.90248,-40.6283,-36.36388,-33.55182,-29.2467,-25.07472,-21.96994,-18.73657,-14.75903,-11.46675,-8.10802,-4.70429,-1.27873,2.1449,5.54169,8.88849,12.16413,16.18804,19.3927,23.62774,26.65284,30.95836,35.33492,39.73161,44.09568,46.14493,50.53188,54.75919,57.10626,61.16679,63.64375,66.21833,69.97449,72.58327,75.25472,77.97868,80.74359,83.53676,86.34468,89.1534,91.94896,94.71776,97.447,100.12498,102.74134,106.35354,108.94375,111.43706,115.37258,117.7451,121.86776,124.057,128.25943,132.56599,136.92922,141.29759,145.61976,149.84751,152.924,157.04712,160.28314,164.169,167.4572,170.80921,174.20372,177.61749 0.26528,0.28908,0.28829,0.28273,0.28618,0.27316,0.22076,0.11969,-0.00039,0.06917,0.0432,-0.00014,-0.04119,-0.06624,-0.12349,-0.11804,-0.16764,-0.16688,-0.16104,-0.15505,-0.15354,-0.16572,-0.17243,-0.19635,-0.22066,-0.22634,-0.23646,-0.32664,-0.31417,-0.35693,-0.43194,-0.50769,-0.54249,-0.5,-0.58439,-0.68476,-0.4359,-0.47421,-0.4667,-0.32759,-0.39856,-0.31755,-0.24167,-0.20064,-0.17962,-0.22843,-0.23996,-0.22152,-0.23816,-0.32883,-0.30665,-0.28862,-0.28255,-0.33681,-0.38742,-0.39593,-0.38365,-0.31643,-0.25995,-0.20272,-0.09627,-0.02718,0.04745,0.07543,0.13742,0.13976,0.20544,0.21069,0.15606,0.18979,0.0543,0.18544,0.11165,-0.23067,-0.25332,-0.3149,-0.37026,-0.37556,-0.36924,-0.368,-0.34714,-0.31918,-0.32205,-0.28457,-0.21137,-0.14039,-0.19048,-0.17563,-0.14423,-0.06974,0.01508,0.09536,0.14927,0.13745,0.1296,0.1995,0.28039,0.27317,0.2521,0.22067,0.22303,0.20644,0.22445,0.2389,0.29016,0.28373,0.26477
373.41684 -179.25392,-176.027,-172.26615,-169.01038,-165.84442,-161.74684,-158.69841,-154.46093,-151.62244,-147.37674,-143.09715,-138.82893,-134.61787,-132.52784,-128.33483,-126.04795,-121.97557,-119.54443,-115.68997,-113.17665,-110.5856,-107.08442,-104.49871,-101.869,-99.20507,-96.51749,-93.81744,-91.1164,-88.42588,-85.75712,-83.12081,-80.52688,-77.16558,-74.55817,-72.02708,-68.29641,-65.8377,-63.48108,-59.54679,-57.33828,-53.29861,-49.14045,-44.90248,-40.6283,-36.36388,-32.15416,-28.04169,-25.07472,-21.07099,-17.9658,-14.75903,-11.0365,-7.82845,-4.58117,-1.31493,1.9499,5.19156,8.88849,12.16413,15.35051,19.3927,22.46467,26.65284,30.95836,33.71451,37.95124,42.1774,44.09568,48.37671,52.52981,54.75919,58.79102,61.16679,63.64375,67.437,69.97449,72.58327,75.25472,78.53479,81.14475,83.77809,86.42348,89.06923,91.70366,94.31539,97.447,100.12498,102.74134,105.28727,108.94375,111.43706,113.82957,117.7451,119.99955,124.057,126.11968,130.21811,134.39361,138.6019,142.79661,146.93243,149.84751,153.93875,157.04712,160.96451,164.169,167.4572,171.00189,174.23965,177.49471 0.28956,0.29528,0.28829,0.28273,0.29009,0.27316,0.21128,0.11969,0.00048,-0.01058,0.03399,-0.00659,-0.05012,-0.04119,-0.1305,-0.12349,-0.13969,-0.16764,-0.17258,-0.16104,-0.15505,-0.14728,-0.18363,-0.18058,-0.19635,-0.22066,-0.22634,-0.23646,-0.32664,-0.36322,-0.36011,-0.39426,-0.50769,-0.54249,-0.57939,-0.58439,-0.68476,-0.62579,-0.47421,-0.62366,-0.5098,-0.39856,-0.31755,-0.24167,-0.20064,-0.2338,-0.25549,-0.23996,-0.31604,-0.30931,-0.32883,-0.35751,-0.33584,-0.36072,-0.39111,-0.40975,-0.41294,-0.38365,-0.31643,-0.25428,-0.20272,-0.09351,-0.02718,0.04745,0.05632,0.11561,0.1138,0.13976,0.16847,0.10993,0.15606,-0.11058,0.0543,0.18544,-0.25194,-0.23067,-0.25332,-0.3149,-0.21862,-0.21867,-0.26805,-0.30023,-0.29837,-0.2594,-0.2405,-0.28457,-0.21137,-0.14039,-0.13389,-0.17563,-0.14423,-0.05123,0.01508,0.08609,0.14927,0.21889,0.21806,0.192,0.28735,0.37643,0.3422,0.2521,0.27756,0.22303,0.23869,0.22445,0.2389,0.34059,0.33645,0.3085
382.99163 -179.25392,-176.027,-172.84503,-169.72542,-165.84442,-162.78271,-159.83728,-155.78925,-151.62244,-148.94464,-144.81857,-140.68583,-138.82893,-134.61787,-130.50626,-128.33483,-124.30415,-121.97557,-118.12009,-115.68997,-112.08991,-109.61736,-107.08442,-104.49871,-101.869,-99.20507,-93.743,-88.42588,-85.75712,-83.12081,-80.52688,-77.98428,-75.50081,-72.02708,-69.57809,-67.21544,-63.48108,-61.22755,-57.33828,-55.24322,-51.28431,-47.232,-43.12332,-38.99864,-34.89939,-30.86517,-28.04169,-24.06293,-21.07099,-17.26152,-14.18653,-11.0365,-7.82845,-4.58117,-1.31493,1.9499,5.19156,8.38987,11.52619,15.35051,18.43202,22.46467,25.39527,29.51442,33.71451,37.95124,42.1774,46.34657,50.41591,52.52981,56.51826,58.79102,62.60218,64.97778,67.437,69.97449,73.42717,75.95896,78.53479,81.14475,83.77809,86.42348,89.06923,91.70366,94.31539,96.89361,99.42836,105.28727,107.7556,110.14077,113.82957,116.11916,119.99955,122.13786,126.11968,130.21811,132.05132,136.09516,140.15216,144.18086,146.93243,150.96803,154.86802,157.85998,160.96451,164.65718,167.80135,171.00189,174.23965,177.49471 0.28956,0.29528,0.2935,0.30573,0.29009,0.2855,0.21223,0.12273,0.00048,0.00224,-0.00578,-0.00898,-0.00659,-0.05012,-0.11172,-0.1305,-0.14209,-0.13969,-0.16928,-0.17258,-0.12392,-0.1372,-0.14728,-0.18363,-0.18058,-0.19635,-0.17213,-0.32664,-0.36322,-0.36011,-0.39426,-0.46815,-0.52455,-0.57939,-0.63647,-0.69708,-0.62579,-0.58062,-0.62366,-0.64853,-0.48097,-0.42939,-0.32975,-0.21517,-0.26969,-0.25544,-0.25549,-0.34799,-0.31604,-0.39684,-0.39092,-0.35751,-0.33584,-0.36072,-0.39111,-0.40975,-0.41294,-0.41987,-0.37306,-0.25428,-0.21037,-0.09351,-0.04005,-0.01304,0.05632,0.11561,0.1138,0.09272,0.04089,0.10993,-0.167,-0.11058,-0.11831,-0.1483,-0.25194,-0.23067,-0.12641,-0.17709,-0.21862,-0.21867,-0.26805,-0.30023,-0.29837,-0.2594,-0.2405,-0.22407,-0.15306,-0.13389,-0.11379,-0.04903,-0.05123,0.02936,0.08609,0.18925,0.21889,0.21806,0.29239,0.28256,0.39217,0.43093,0.3422,0.31566,0.31307,0.25908,0.23869,0.27183,0.29718,0.34059,0.33645,0.3085
392.56643 -179.50929,-176.42239,-173.37409,-169.72542,-166.68413,-163.73434,-159.83728,-157.01565,-153.02356,-148.94464,-144.81857,-140.68583,-136.58805,-132.56517,-130.50626,-126.52951,-122.71619,-120.46302,-118.12009,-114.49563,-112.08991,-109.61736,-106.32954,-103.86958,-101.37219,-98.84584,-96.2996,-93.743,-91.1858,-88.63777,-86.10847,-83.60703,-81.14201,-77.98428,-75.50081,-73.0831,-69.57809,-67.21544,-64.94202,-61.22755,-59.07683,-55.24322,-51.28431,-49.38614,-45.44282,-41.46309,-37.48402,-33.54271,-30.86517,-26.93259,-24.06293,-20.2472,-17.26152,-14.18653,-10.64377,-7.57361,-4.46908,-1.34791,1.77206,4.87197,7.93403,11.52619,14.58432,17.55021,21.39651,25.39527,28.17963,32.21169,36.29308,40.38185,44.43562,48.41416,50.41591,54.34881,56.51826,60.31401,62.60218,64.97778,68.52989,70.94827,73.42717,75.95896,78.53479,83.993,86.49361,88.99427,94.31539,96.89361,99.42836,101.91072,104.33295,107.7556,110.14077,112.4388,116.11916,118.30529,122.13786,124.1631,128.06146,132.05132,136.09516,140.15216,144.18086,148.14139,151.9984,154.86802,158.60441,161.5867,164.65718,168.11578,171.17774,174.27255,177.38297 0.31434,0.32232,0.33572,0.30573,0.2885,0.28783,0.21223,0.11869,0.04623,0.00224,-0.00578,-0.00898,-0.04598,-0.09737,-0.11172,-0.1537,-0.09866,-0.12224,-0.16928,-0.12211,-0.12392,-0.1372,-0.12921,-0.11729,-0.11326,-0.12797,-0.15194,-0.17213,-0.19825,-0.27577,-0.31533,-0.31355,-0.33036,-0.46815,-0.52455,-0.56706,-0.63647,-0.69708,-0.69139,-0.58062,-0.66346,-0.64853,-0.48097,-0.47751,-0.44319,-0.28543,-0.32604,-0.33817,-0.25544,-0.34626,-0.34799,-0.38832,-0.39684,-0.39092,-0.39573,-0.39541,-0.41815,-0.39653,-0.41793,-0.41221,-0.41944,-0.37306,-0.30532,-0.25071,-0.14732,-0.04005,-0.07001,-0.0466,0.07307,0.02873,-0.00993,-0.06809,0.04089,-0.37574,-0.167,-0.26433,-0.11831,-0.1483,-0.17155,-0.14565,-0.12641,-0.17709,-0.21862,-0.06809,-0.08922,-0.10253,-0.2405,-0.22407,-0.15306,-0.0901,-0.09718,-0.11379,-0.04903,0.05342,0.02936,0.14623,0.18925,0.34533,0.37044,0.29239,0.28256,0.39217,0.43093,0.3894,0.35982,0.31307,0.2832,0.28335,0.27183,0.34757,0.37711,0.36052,0.33201
402.14122 -179.50929,-176.42239,-173.37409,-170.38035,-167.45518,-163.73434,-160.88701,-157.01565,-154.32253,-150.40268,-146.42519,-142.42656,-138.44415,-134.51523,-132.56517,-128.65224,-124.87825,-122.71619,-119.08703,-116.82933,-114.49563,-111.10732,-108.74439,-106.32954,-103.86958,-101.37219,-98.84584,-96.2996,-93.743,-91.1858,-88.63777,-86.10847,-83.60703,-81.14201,-78.72118,-76.35144,-73.0831,-70.73653,-68.46529,-64.94202,-62.75942,-59.07683,-57.02753,-53.25816,-49.38614,-45.44282,-43.76528,-39.91287,-37.48402,-33.54271,-29.67403,-26.93259,-23.13274,-20.2472,-16.61599,-13.66299,-10.64377,-7.57361,-4.46908,-1.34791,1.77206,4.87197,7.93403,10.94177,13.88064,17.55021,20.41249,24.23535,28.17963,30.81583,34.74737,38.70075,42.63754,44.43562,48.41416,52.28171,54.34881,58.11562,60.31401,63.89897,66.17843,68.52989,70.94827,74.18346,76.58868,79.03113,81.50229,83.993,86.49361,88.99427,91.48512,93.95651,96.39926,98.80484,101.91072,104.33295,106.68857,108.9724,112.4388,114.64717,118.30529,120.38871,124.1631,126.07927,129.88855,133.76739,137.68063,141.59105,145.46169,149.25775,151.9984,155.722,158.60441,162.15732,165.10392,168.11578,171.17774,174.27255,177.38297 0.31434,0.32232,0.33572,0.35469,0.32741,0.28783,0.22415,0.11869,0.06238,0.04737,0.04208,-0.00743,-0.04148,-0.08627,-0.09737,-0.13487,-0.10739,-0.09866,-0.08826,-0.13211,-0.12211,-0.05484,-0.10285,-0.12921,-0.11729,-0.11326,-0.12797,-0.15194,-0.17213,-0.19825,-0.27577,-0.31533,-0.31355,-0.33036,-0.39246,-0.48862,-0.56706,-0.61505,-0.65464,-0.69139,-0.70221,-0.66346,-0.6445,-0.61044,-0.47751,-0.44319,-0.39017,-0.34269,-0.32604,-0.33817,-0.3389,-0.34626,-0.41596,-0.38832,-0.47233,-0.44738,-0.39573,-0.39541,-0.41815,-0.39653,-0.41793,-0.41221,-0.41944,-0.39829,-0.34525,-0.25071,-0.18874,-0.13273,-0.07001,-0.11012,-0.09682,-0.21827,-0.13656,-0.00993,-0.06809,-0.14331,-0.37574,-0.32362,-0.26433,-0.2614,-0.20583,-0.17155,-0.14565,-0.02751,-0.04698,-0.07187,-0.05343,-0.06809,-0.08922,-0.10253,-0.0618,-0.01096,0.04545,-0.06173,-0.0901,-0.09718,-0.04005,0.00187,0.05342,0.11202,0.14623,0.39298,0.34533,0.46581,0.50416,0.40684,0.41943,0.45169,0.46378,0.40571,0.35982,0.334,0.2832,0.32545,0.32268,0.34757,0.37711,0.36052,0.33201
411.71601 -179.74254,-176.78416,-173.85907,-170.38035,-167.45518,-164.61069,-160.88701,-158.15018,-154.32253,-151.76001,-147.92571,-144.05868,-140.19219,-136.36079,-134.51523,-130.67395,-126.94896,-124.87825,-121.26595,-119.08703,-116.82933,-113.41248,-111.10732,-108.74439,-106.32954,-103.30186,-100.92455,-98.52252,-96.10363,-93.67606,-91.24818,-88.82835,-86.42478,-84.04534,-81.14201,-78.72118,-76.35144,-74.03877,-70.73653,-68.46529,-66.27236,-62.75942,-60.66811,-57.02753,-55.07744,-51.37899,-47.59821,-43.76528,-39.91287,-36.07471,-32.28392,-28.57116,-25.9094,-22.27539,-19.49015,-16.61599,-13.18282,-10.28426,-7.34077,-4.36698,-1.37854,1.60884,4.57873,7.51536,10.94177,13.88064,16.73799,20.41249,23.16273,26.94315,30.81583,34.74737,38.70075,42.63754,46.52039,50.31498,52.28171,56.00806,58.11562,61.69534,63.89897,66.17843,69.51465,71.82319,74.18346,76.58868,79.03113,81.50229,83.993,88.99427,91.48512,93.95651,96.39926,98.80484,101.16551,103.47445,106.68857,108.9724,111.18054,114.64717,116.76467,120.38871,122.37126,126.07927,129.88855,131.60744,135.37445,139.1594,142.92867,145.46169,149.25775,152.94874,155.722,159.28889,162.15732,165.10392,168.40454,171.33911,174.30316,177.28124 0.30536,0.32532,0.34399,0.35469,0.32741,0.28813,0.22415,0.13522,0.06238,0.07264,0.05835,0.03386,-0.01327,-0.06443,-0.08627,-0.12446,-0.10789,-0.10739,-0.05346,-0.08826,-0.13211,-0.03112,-0.05484,-0.10285,-0.12921,0.01324,-0.01185,-0.04641,-0.09914,-0.13027,-0.1375,-0.19248,-0.22981,-0.28453,-0.33036,-0.39246,-0.48862,-0.57704,-0.61505,-0.65464,-0.66758,-0.70221,-0.75716,-0.6445,-0.61573,-0.61372,-0.50524,-0.39017,-0.34269,-0.44121,-0.43262,-0.51908,-0.47113,-0.44509,-0.42188,-0.47233,-0.53308,-0.49765,-0.46032,-0.41964,-0.4027,-0.43313,-0.35897,-0.33349,-0.39829,-0.34525,-0.28138,-0.18874,-0.19632,-0.19605,-0.11012,-0.09682,-0.21827,-0.13656,-0.2377,-0.17175,-0.14331,-0.34148,-0.32362,-0.29913,-0.2614,-0.20583,-0.10691,-0.06282,-0.02751,-0.04698,-0.07187,-0.05343,-0.06809,-0.10253,-0.0618,-0.01096,0.04545,-0.06173,-4.8127,-4.75196,-0.04005,0.00187,0.09243,0.11202,0.24812,0.39298,0.50048,0.46581,0.50416,0.58143,0.5725,0.51292,0.5001,0.46378,0.40571,0.42404,0.334,0.32767,0.32545,0.32268,0.38302,0.37491,0.34064,0.30357
421.2908 -179.74254,-176.78416,-173.85907,-170.98192,-168.16509,-164.61069,-161.85676,-158.15018,-155.52869,-151.76001,-147.92571,-145.58942,-141.83828,-140.19219,-136.36079,-132.59704,-128.92901,-126.94896,-123.3643,-121.26595,-117.83107,-115.65502,-113.41248,-111.10732,-107.95349,-105.6471,-103.30186,-100.92455,-98.52252,-96.10363,-93.67606,-91.24818,-88.82835,-86.42478,-84.04534,-81.69743,-79.38785,-77.12273,-74.03877,-71.78811,-69.60347,-66.27236,-64.1597,-60.66811,-58.66758,-55.07744,-51.37899,-49.6012,-45.91439,-42.19196,-38.46426,-34.76182,-32.28392,-28.57116,-24.96335,-22.27539,-18.79263,-16.02266,-13.18282,-10.28426,-7.34077,-4.27399,-1.40744,1.45812,4.57873,7.51536,10.40414,13.23197,16.73799,19.50326,23.16273,25.7953,29.51716,33.30492,37.12602,40.94582,44.72992,48.44583,50.31498,53.99129,56.00806,59.57018,61.69534,63.89897,67.26363,69.51465,71.82319,77.15478,79.47665,81.82286,84.18551,86.55639,88.92709,91.2892,93.6345,95.95512,98.80484,101.16551,103.47445,105.72586,108.9724,111.18054,113.31025,116.76467,118.79123,122.37126,124.25562,127.89098,131.60744,135.37445,139.1594,142.92867,146.64937,150.29124,152.94874,156.50947,159.28889,162.68276,165.51461,168.40454,171.33911,174.30316,177.28124 0.30536,0.32532,0.34399,0.34744,0.30707,0.28813,0.21242,0.13522,0.10408,0.07264,0.05835,0.01761,0.01797,-0.01327,-0.06443,-0.12865,-0.07304,-0.10789,-0.06836,-0.05346,-0.023,-0.02877,-0.03112,-0.05484,-0.08903,-0.04767,0.01324,-0.01185,-0.04641,-0.09914,-0.13027,-0.1375,-0.19248,-0.22981,-0.28453,-0.31704,-0.34859,-0.46265,-0.57704,-0.59864,-0.58865,-0.66758,-0.71583,-0.75716,-0.66242,-0.61573,-0.61372,-0.5885,-0.51035,-0.40584,-0.4477,-0.53148,-0.43262,-0.51908,-0.53205,-0.44509,-0.45061,-0.51704,-0.53308,-0.49765,-0.46032,-0.40095,-0.37199,-0.40181,-0.35897,-0.33349,-0.35285,-0.31768,-0.28138,-0.20466,-0.19632,-0.22428,-0.14795,-0.15194,-0.27445,-0.29495,-0.36211,-0.27847,-0.17175,-0.39319,-0.34148,-0.28601,-0.29913,-0.2614,-0.13584,-0.10691,-0.06282,0.01365,0.05523,0.07263,0.08153,0.10028,0.09003,0.11043,0.24901,0.37614,-0.06173,-4.8127,-4.75196,0.05295,0.00187,0.09243,0.20107,0.24812,0.50202,0.50048,0.55565,0.54281,0.58143,0.5725,0.51292,0.5001,0.49236,0.47413,0.42404,0.37276,0.32767,0.36034,0.36919,0.38302,0.37491,0.34064,0.30357
430.86559 -179.95604,-177.11603,-174.30494,-171.53596,-168.16509,-165.4197,-162.75479,-159.20174,-155.52869,-153.02514,-149.32827,-145.58942,-141.83828,-138.10642,-134.42447,-130.81984,-128.92901,-125.38125,-123.3643,-119.93771,-117.83107,-115.65502,-112.42624,-110.21497,-107.95349,-105.6471,-102.78699,-100.51907,-98.22992,-95.92637,-93.6155,-91.30453,-89.00069,-86.71106,-84.44248,-81.69743,-79.38785,-77.12273,-74.90741,-71.78811,-69.60347,-67.48785,-64.1597,-62.12827,-58.66758,-56.75655,-53.2237,-49.6012,-47.91996,-44.32856,-40.7157,-37.10941,-34.76182,-31.11411,-27.54807,-24.96335,-21.48329,-18.79263,-16.02266,-12.74124,-9.95431,-7.12755,-4.27399,-1.40744,1.45812,4.30834,7.12919,9.90765,13.23197,15.98741,19.50326,22.16833,25.7953,28.30688,31.95721,35.64992,39.35391,43.0377,44.72992,48.44583,52.06431,53.99129,57.52503,59.57018,62.95227,65.07493,67.26363,72.61294,74.86462,77.15478,79.47665,81.82286,84.18551,86.55639,88.92709,91.2892,93.6345,95.95512,98.2437,100.4935,105.72586,107.91495,110.03798,113.31025,115.35994,118.79123,120.72776,124.25562,126.04511,129.60324,133.22459,136.88035,140.54032,144.17424,147.75305,150.29124,153.82786,156.50947,159.92054,162.68276,165.51461,168.67101,171.48822,174.3321,177.18862 0.32355,0.3352,0.3326,0.33948,0.30707,0.25296,0.22305,0.14969,0.10408,0.10123,0.05005,0.01761,0.01797,-0.03877,-0.10146,-0.05544,-0.07304,-0.07421,-0.06836,-0.01793,-0.023,-0.02877,-0.02156,-0.06498,-0.08903,-0.04767,0.0393,-0.00611,-0.04911,-0.10624,-0.12739,-0.12772,-0.14007,-0.15816,-0.22535,-0.31704,-0.34859,-0.46265,-0.55922,-0.59864,-0.58865,-0.54057,-0.71583,-0.76252,-0.66242,-0.59766,-0.67937,-0.5885,-0.55548,-0.53454,-0.45473,-0.58295,-0.53148,-0.56627,-0.58053,-0.53205,-0.49664,-0.45061,-0.51704,-0.57687,-0.6252,-0.49021,-0.40095,-0.37199,-0.40181,-0.33785,-0.27609,-0.34113,-0.31768,-0.27184,-0.20466,-0.20934,-0.22428,-0.25578,-0.20866,-0.29973,-0.30242,-0.34459,-0.36211,-0.27847,-0.21061,-0.39319,-0.25305,-0.28601,-0.26833,-0.18086,-0.13584,0.00052,0.01024,0.01365,0.05523,0.07263,0.08153,0.10028,0.09003,0.11043,0.24901,0.37614,0.19843,0.21745,0.05295,0.14248,-2.48243,0.20107,0.43835,0.50202,0.55098,0.55565,0.58049,0.57925,0.63931,0.61776,0.57456,0.54857,0.5714,0.47413,0.48345,0.37276,0.35669,0.36034,0.36919,0.38577,0.36316,0.31171,0.28262
440.44038 -177.11603,-174.30494,-171.53596,-168.82035,-166.16818,-162.75479,-160.17821,-156.65038,-153.02514,-150.64066,-147.02587,-143.38849,-139.75694,-136.15977,-134.42447,-130.81984,-127.31681,-125.38125,-121.9729,-119.93771,-116.68087,-114.58277,-112.42624,-110.21497,-107.23379,-105.02722,-102.78699,-100.51907,-98.22992,-95.92637,-93.6155,-91.30453,-89.00069,-86.71106,-84.44248,-82.2014,-79.99379,-77.12273,-74.90741,-72.74646,-70.64363,-67.48785,-65.44339,-62.12827,-60.17818,-56.75655,-54.93308,-51.46293,-47.91996,-44.32856,-40.7157,-37.10941,-33.53721,-30.02526,-27.54807,-24.08677,-21.48329,-18.14835,-15.47587,-12.74124,-9.95431,-6.93196,-4.18929,-1.4351,1.31816,4.30834,7.12919,9.90765,12.63191,15.98741,18.66072,22.16833,24.72746,28.30688,31.95721,34.26509,37.85535,39.35391,43.0377,46.67085,50.22535,52.06431,55.56047,57.52503,60.89841,62.95227,65.07493,68.24836,70.40577,72.61294,74.86462,79.87864,82.1118,84.35891,86.61289,88.86651,91.11257,93.344,98.2437,100.4935,102.69853,104.85355,107.91495,110.03798,112.09218,115.35994,117.32897,120.72776,122.57592,126.04511,129.60324,131.22124,134.74657,138.2926,141.83147,145.33608,147.75305,151.25037,154.64338,157.23799,159.92054,163.16839,165.89375,168.67101,171.48822,174.35979,177.10431,179.84817 0.3352,0.3326,0.33948,0.28767,0.28294,0.22305,0.18769,0.13925,0.10123,0.04227,-0.02994,-0.00899,-0.02576,-0.04924,-0.10146,-0.05544,-0.00738,-0.07421,-0.05151,-0.01793,0.02572,0.0276,-0.02156,-0.06498,-0.05875,0.02906,0.0393,-0.00611,-0.04911,-0.10624,-0.12739,-0.12772,-0.14007,-0.15816,-0.22535,-0.27733,-0.28817,-0.46265,-0.55922,-0.5561,-0.65159,-0.54057,-0.6001,-0.76252,-0.72536,-0.59766,-0.68906,-0.68944,-0.55548,-0.53454,-0.45473,-0.58295,-0.57789,-0.60271,-0.58053,-0.57591,-0.49664,-0.53004,-0.53581,-0.57687,-0.6252,-0.45038,-0.33985,-0.28647,-0.37217,-0.33785,-0.27609,-0.34113,-0.35514,-0.27184,-0.19176,-0.20934,-0.23083,-0.25578,-0.20866,-0.46484,-0.22426,-0.30242,-0.34459,-0.31906,-6.10889,-0.21061,-0.28882,-0.25305,-0.26542,-0.26833,-0.18086,-0.13471,-0.05577,0.00052,0.01024,0.13876,0.15442,0.1861,0.20598,0.20909,0.25589,0.35671,0.19843,0.21745,-4.78144,0.20552,0.14248,-2.48243,0.3053,0.43835,0.51513,0.55098,0.62318,0.58049,0.57925,0.62629,0.62724,0.62695,0.61482,0.60649,0.5714,0.5398,0.49101,0.44034,0.35669,0.37475,0.37602,0.38577,0.36316,0.26834,0.2879,0.34172
450.01517 -177.42118,-174.71586,-172.04745,-168.82035,-166.16818,-163.58786,-160.17821,-157.69522,-154.20583,-150.64066,-148.37469,-144.84876,-141.3173,-137.80676,-136.15977,-132.6235,-129.17168,-127.31681,-123.93541,-121.9729,-118.71763,-116.68087,-114.58277,-111.52486,-109.40127,-107.23379,-105.02722,-102.78699,-100.14999,-97.96379,-95.76521,-93.56041,-91.35567,-89.15728,-86.9714,-82.2014,-79.99379,-77.8251,-75.70014,-72.74646,-70.64363,-68.60189,-65.44339,-63.47138,-60.17818,-58.30885,-54.93308,-53.19472,-49.79143,-46.33032,-42.83475,-39.32977,-35.84107,-32.39348,-30.02526,-26.59719,-24.08677,-20.74982,-18.14835,-14.97077,-12.33411,-9.65079,-6.93196,-4.18929,-1.4351,1.31816,4.05791,6.77156,9.44749,12.63191,15.29164,17.87784,21.24414,24.72746,27.177,30.69637,34.26509,37.85535,41.43849,44.98623,48.47205,50.22535,53.67623,55.56047,58.91518,60.89841,64.09962,66.14511,68.24836,70.40577,73.32903,75.48107,77.66625,79.87864,82.1118,84.35891,86.61289,88.86651,91.11257,93.344,95.55401,97.73621,99.88469,102.69853,104.85355,106.95418,108.99685,112.09218,114.07566,117.32897,119.2176,122.57592,124.33804,127.74349,131.22124,134.74657,138.2926,141.83147,145.33608,148.78083,152.14264,154.64338,157.91402,160.50537,163.16839,166.24515,168.91801,171.62678,174.35979,177.10431,179.84817 0.3143,0.34351,0.34751,0.28767,0.28294,0.2665,0.18769,0.15432,0.11405,0.04227,-0.02315,-0.05787,-0.02272,-0.03054,-0.04924,-0.02999,0.03277,-0.00738,-0.05418,-0.05151,0.03015,0.02572,0.0276,0.01475,-0.07772,-0.05875,0.02906,0.0393,-0.06281,-0.0805,-0.0965,-0.14597,-0.15809,-0.14079,-0.14513,-0.27733,-0.28817,-0.40495,-0.51382,-0.5561,-0.65159,-0.57964,-0.6001,-0.67029,-0.72536,-0.68331,-0.68906,-0.76323,-0.60525,-0.54229,-0.5341,-0.56804,-0.61556,-0.58184,-0.60271,-0.58308,-0.57591,-0.51697,-0.53004,-0.54705,-0.63393,-0.65362,-0.45038,-0.33985,-0.28647,-0.37217,-0.33458,-0.33279,-0.37265,-0.35514,-0.22317,-0.13089,-0.18652,-0.23083,-0.30462,-0.31022,-0.46484,-0.22426,-6.27588,-0.32145,-0.11606,-6.10889,-0.38123,-0.28882,-5.9114,-0.26542,-0.19254,-5.74165,-0.13471,-0.05577,0.07164,0.01642,0.06177,0.13876,0.15442,0.1861,0.20598,0.20909,0.25589,0.35671,0.36814,0.22988,0.2749,-4.78144,0.20552,0.23583,0.35781,0.3053,0.54403,0.51513,0.5438,0.62318,0.63631,0.6103,0.62629,0.62724,0.62695,0.61482,0.60649,0.59982,0.52163,0.49101,0.4387,0.37371,0.37475,0.33115,0.36985,0.33936,0.26834,0.2879,0.34172
459.58996 -177.70236,-174.71586,-172.04745,-169.42656,-166.86218,-163.58786,-161.08656,-157.69522,-155.30912,-151.86968,-148.37469,-144.84876,-141.3173,-137.80676,-134.34254,-130.94718,-129.17168,-125.82482,-123.93541,-120.69088,-118.71763,-115.62438,-113.6004,-111.52486,-109.40127,-106.57608,-104.46162,-102.31782,-100.14999,-97.96379,-95.76521,-93.56041,-91.35567,-89.15728,-86.9714,-84.804,-82.66073,-80.54689,-77.8251,-75.70014,-73.62308,-71.59743,-68.60189,-66.62344,-63.47138,-61.57238,-58.30885,-56.51905,-53.19472,-49.79143,-48.20527,-44.82737,-41.42715,-38.02772,-34.65251,-32.39348,-29.01019,-25.71188,-23.27293,-20.74982,-17.55189,-14.97077,-12.33411,-9.37099,-6.75222,-4.11219,-1.46187,1.18754,3.82497,6.77156,9.44749,12.07501,14.64479,17.87784,20.38315,23.73196,27.177,29.51517,32.96464,36.44392,39.92703,43.3879,44.98623,48.47205,51.87133,53.67623,57.0036,58.91518,62.11465,64.09962,66.14511,69.14522,71.2155,73.32903,75.48107,77.66625,82.37351,84.51584,86.66395,88.81159,90.95253,95.55401,97.73621,99.88469,101.99415,104.0599,106.95418,108.99685,110.97884,114.07566,115.98742,119.2176,121.0267,124.33804,126.01695,129.35483,132.75027,136.1797,139.61822,143.04032,146.42176,149.73991,152.14264,155.40195,157.91402,161.04866,163.61885,166.24515,168.91801,171.7562,174.38649,177.02759,179.66831 0.29116,0.34351,0.34751,0.29547,0.31921,0.2665,0.24885,0.15432,0.13174,0.04005,-0.02315,-0.05787,-0.02272,-0.03054,-0.01322,0.01175,0.03277,0.01623,-0.05418,-4.34944,0.03015,0.05668,0.06195,0.01475,-0.07772,0.03195,0.04981,-0.00193,-0.06281,-0.0805,-0.0965,-0.14597,-0.15809,-0.14079,-0.14513,-0.21997,-0.25273,-0.26715,-0.40495,-0.51382,-0.43863,-0.54227,-0.57964,-0.5985,-0.67029,-0.76825,-0.68331,-0.86545,-0.76323,-0.60525,-0.56141,-0.55523,-0.604,-0.66601,-0.62169,-0.58184,-0.62821,-0.65596,-0.63386,-0.51697,-0.61183,-0.54705,-0.63393,-0.54022,-0.35611,-0.32575,-0.35554,-0.39116,-6.62703,-0.33279,-0.37265,-0.44258,-6.58157,-0.13089,-6.53872,-0.21133,-0.30462,-6.43947,-4.17577,-6.34382,-6.2859,0.06141,-0.32145,-0.11606,-0.23891,-0.38123,-5.94697,-5.9114,-5.82795,-0.19254,-5.74165,-0.15853,0.08878,0.07164,0.01642,0.06177,0.16766,0.19076,0.22909,0.2669,0.31356,0.36814,0.22988,0.2749,0.33371,0.28669,0.23583,0.35781,0.41594,0.54403,0.48922,0.5438,0.61067,0.63631,0.64269,0.66929,0.65208,0.63706,0.63084,0.62875,0.61659,0.59919,0.52163,0.45217,0.4387,0.37838,0.33782,0.33115,0.36985,0.34503,0.27814,0.3214,0.35883
469.16475 -177.70236,-175.0953,-172.52074,-169.98861,-166.86218,-164.36219,-161.08656,-158.66996,-155.30912,-153.02179,-149.64211,-146.2248,-142.79244,-139.36951,-135.97983,-132.64508,-130.94718,-127.64127,-125.82482,-122.59918,-120.69088,-117.59396,-115.62438,-113.6004,-110.69806,-108.65634,-106.57608,-104.46162,-102.31782,-97.72067,-95.61802,-93.51005,-91.40228,-89.30018,-84.804,-82.66073,-80.54689,-78.4673,-76.42631,-73.62308,-71.59743,-69.62605,-66.62344,-64.70978,-61.57238,-59.7463,-56.51905,-54.80709,-51.53867,-48.20527,-44.82737,-43.40622,-40.10021,-38.02772,-34.65251,-31.32393,-28.06246,-25.71188,-22.51588,-20.06921,-17.55189,-14.50314,-11.95792,-9.37099,-6.75222,-4.11219,-1.46187,1.18754,3.82497,6.43912,9.01955,12.07501,14.64479,17.14848,20.38315,22.80201,26.12035,29.51517,31.74211,35.11365,38.4981,41.87159,43.3879,46.80154,50.14423,51.87133,55.16391,57.0036,60.19214,62.11465,65.15,67.12226,69.14522,71.2155,76.04139,78.1305,80.24308,82.37351,84.51584,86.66395,88.81159,90.95253,93.08064,95.19003,97.27511,101.99415,104.0599,106.07792,108.99685,110.97884,112.89816,115.98742,117.82718,121.0267,122.75777,126.01695,129.35483,130.88336,134.19556,137.53003,140.86376,144.17372,146.42176,149.73991,152.97473,155.40195,158.54315,161.04866,163.61885,166.57203,169.1479,171.7562,174.38649,177.02759,179.66831 0.29116,0.33429,0.34241,0.33367,0.31921,0.31007,0.24885,0.21115,0.13174,0.06742,-0.01192,-0.04575,-0.03999,0.00515,-0.00109,-0.02198,0.01175,0.06787,0.01623,-4.31361,-4.34944,-4.42927,0.05668,0.06195,-4.59435,-4.6422,0.03195,0.04981,-0.00193,-0.11231,-0.07094,-0.07419,-0.10087,-0.10574,-0.21997,-0.25273,-0.26715,-0.31001,-5.47262,-0.43863,-0.54227,-0.64226,-0.5985,-0.68136,-0.76825,-0.81106,-0.86545,2.33518,-0.67118,-0.56141,-0.55523,-0.62162,-0.67358,-0.66601,-0.62169,-0.62173,-0.63748,-0.65596,-0.69567,-6.53563,-0.61183,-0.54037,-6.59179,-0.54022,-0.35611,-0.32575,-0.35554,-0.39116,-6.62703,-6.61639,-0.34131,-0.44258,-6.58157,-0.10057,-6.53872,-6.50223,-0.33523,-6.43947,-6.39314,-6.34631,-6.29335,-6.23446,0.06141,-6.15298,-6.08135,-0.23891,-5.97903,-5.94697,-0.23512,-5.82795,-5.74795,-5.7049,-0.15853,0.08878,0.1193,0.17058,0.19291,0.16766,0.19076,0.22909,0.2669,0.31356,0.34049,-4.98666,-4.93307,0.33371,0.28669,0.26919,0.35781,0.41594,0.47892,0.48922,0.52452,0.61067,0.66184,0.64269,0.66929,0.67061,0.69422,0.65841,0.63079,0.62392,0.61659,0.59919,0.47273,0.45217,0.40608,0.37838,0.33782,0.25995,0.35318,0.34503,0.27814,0.3214,0.35883
478.73954 -177.96197,-175.44643,-172.52074,-169.98861,-167.50699,-164.36219,-161.93313,-159.58069,-156.3414,-153.02179,-150.83405,-147.52201,-144.18723,-140.85197,-137.53846,-135.97983,-132.64508,-129.38547,-127.64127,-124.44169,-122.59918,-119.50693,-117.59396,-114.65104,-112.69739,-110.69806,-108.65634,-105.97275,-103.94351,-101.88855,-99.8126,-97.72067,-95.61802,-93.51005,-91.40228,-89.30018,-87.20916,-85.13447,-83.08109,-81.05371,-78.4673,-76.42631,-74.42773,-72.47483,-69.62605,-67.71115,-64.70978,-62.86177,-59.7463,-57.99249,-54.80709,-53.17088,-49.96183,-46.70039,-43.40622,-40.10021,-36.80355,-33.53757,-30.32244,-28.06246,-24.88624,-22.51588,-19.43639,-16.99852,-14.50314,-11.95792,-9.11255,-6.58682,-4.04204,-1.48806,1.06505,3.60747,6.12903,9.01955,11.5566,14.04173,17.14848,19.57918,22.80201,25.13044,28.40703,31.74211,35.11365,38.4981,41.87159,45.21071,48.49291,50.14423,53.39575,55.16391,58.33345,60.19214,63.23116,65.15,67.12226,69.96501,71.95412,73.981,76.04139,78.1305,80.24308,82.37351,90.95253,93.08064,95.19003,97.27511,99.33071,101.35209,106.07792,108.04489,109.95815,112.89816,114.75355,117.82718,119.59533,122.75777,124.41282,127.61574,130.88336,134.19556,135.56223,138.8033,140.86376,144.17372,147.438,150.63673,152.97473,156.10934,158.54315,161.55487,164.0381,166.57203,169.1479,171.87766,174.41265,176.95782,179.50286 -0.25722,0.33196,0.34241,0.33367,0.33472,0.31007,0.29444,0.2627,0.1677,0.06742,0.02825,-0.00235,-0.02042,0.00968,0.02717,-0.00109,-0.02198,0.84186,0.06787,-0.01879,-4.31361,-4.391,-4.42927,-0.00762,-0.06018,-4.59435,-4.6422,0.10088,0.05559,-0.00551,-0.08008,-0.11231,-0.07094,-0.07419,-0.10087,-0.10574,-0.14254,-0.23146,-0.24426,-5.35152,-0.31001,-5.47262,-5.52075,-5.56655,-0.64226,-5.68532,-0.68136,-0.79142,-0.81106,-5.91066,2.33518,-6.00984,-0.59486,-6.14534,-0.62162,-0.67358,-0.67644,-0.64486,-0.65034,-0.63748,-0.68861,-0.69567,-0.68135,-6.54483,-0.54037,-6.59179,-0.27037,3.14584,-0.43904,-6.60651,-6.60574,-0.4828,-6.59052,-0.34131,-6.58258,-6.55991,-0.10057,0.9685,-6.50223,-6.46415,-6.43268,-6.39314,-6.34631,-6.29335,-6.23446,-0.16756,3.82369,-6.08135,-6.00775,-5.97903,-4.30374,-0.23512,-5.78811,-5.74795,-5.7049,0.17466,0.17571,0.1244,0.1193,0.17058,0.19291,0.16766,0.31356,0.34049,-4.98666,-4.93307,0.28222,0.41257,0.26919,-4.66128,-4.61792,0.47892,0.48093,0.52452,0.60294,0.66184,0.68099,0.71114,0.67061,0.69422,0.83981,0.653,0.63079,0.62392,0.63372,0.53652,0.47273,0.40739,0.40608,0.43024,0.34606,0.25995,0.35318,0.38634,0.37898,0.42093,0.38737
488.31433 -177.96197,-175.44643,-172.95974,-170.51078,-167.50699,-165.08324,-162.72341,-159.58069,-157.30841,-154.10294,-150.83405,-147.52201,-145.50638,-142.25822,-139.02175,-137.53846,-134.26751,-131.05858,-129.38547,-126.21819,-124.44169,-121.3617,-119.50693,-116.55629,-114.65104,-112.69739,-109.93709,-107.97193,-105.97275,-103.94351,-101.88855,-99.8126,-95.48302,-93.46383,-91.44491,-87.20916,-85.13447,-83.08109,-81.05371,-79.05665,-77.09384,-74.42773,-72.47483,-70.57032,-67.71115,-65.85436,-64.05671,-61.0797,-57.99249,-56.30983,-53.17088,-51.60805,-48.46095,-45.27274,-42.06211,-38.8486,-35.65167,-32.49061,-30.32244,-27.17628,-24.88624,-21.81037,-19.43639,-16.4841,-14.06933,-11.60963,-9.11255,-6.58682,-4.04204,-1.48806,1.06505,3.60747,6.12903,8.62032,11.07259,14.04173,16.46727,19.57918,21.93152,25.13044,27.36591,30.59154,33.85888,37.14663,40.433,43.6962,46.91501,48.49291,51.69819,53.39575,56.53921,58.33345,61.3678,63.23116,65.15,68.01743,69.96501,71.95412,73.981,76.55269,78.55358,80.57484,82.61154,84.65848,86.71029,88.76155,90.80683,92.84079,94.85829,96.85441,99.33071,101.35209,103.33506,105.27596,108.04489,109.95815,111.81569,114.75355,116.54441,119.59533,121.29277,124.41282,125.99421,129.13767,132.33344,135.56223,138.8033,142.03544,145.23789,148.39089,150.63673,153.75245,156.10934,159.13022,161.55487,164.42946,166.87711,169.36269,171.87766,174.41265,176.95782,179.50286 -0.25722,0.33196,0.37007,0.39057,0.33472,0.31238,0.26892,0.2627,0.16919,0.10419,0.02825,-0.00235,0.04389,0.05142,0.02426,0.02717,-0.03341,0.33839,0.84186,-0.10011,-0.01879,0.06502,-4.391,-4.46651,-0.00762,-0.06018,-4.62338,0.21392,0.10088,0.05559,-0.00551,-0.08008,-0.07954,-0.0273,-0.02886,-0.14254,-0.23146,-0.24426,-5.35152,-5.40113,-5.44898,-5.52075,-5.56655,-5.60999,-5.68532,-5.72468,-5.76124,-0.64398,-5.91066,-5.9387,-6.00984,-6.03125,-0.68649,-0.75438,-0.68108,-0.71571,-0.74833,-0.65649,-0.65034,-0.61417,-0.68861,-0.71852,-0.68135,-6.52422,-6.54729,0.51857,-0.27037,3.14584,-0.43904,-6.60651,-6.60574,-0.4828,-6.59052,2.89988,-4.55555,-6.55991,-6.53392,0.9685,-6.48821,-6.46415,-6.42489,-6.38947,-6.34694,-6.29856,-6.24433,-6.18488,-6.12166,3.82369,-6.03331,-6.00775,-4.31332,-4.30374,-0.17686,-5.78811,-5.74795,-4.57411,0.17466,0.17571,0.1244,-5.46184,0.25754,0.26217,0.15908,0.15496,0.21889,0.29032,0.33996,0.31415,-4.99826,-4.94803,0.28222,0.41257,1.68245,0.4204,-4.66128,-4.61792,-4.57733,0.48093,0.5713,0.60294,0.64568,0.68099,0.68875,0.6878,0.67552,0.83981,0.653,0.60382,0.65319,0.58409,0.53652,0.46261,0.40739,0.38808,0.43024,-3.71286,-3.69083,-3.67266,0.38634,0.37898,0.42093,0.38737
497.88913 -178.2021,-175.77198,-172.95974,-170.51078,-168.10725,-165.75584,-162.72341,-160.43286,-157.30841,-155.11857,-151.95594,-148.74562,-145.50638,-142.25822,-139.02175,-135.81691,-132.66215,-131.05858,-127.92891,-126.21819,-123.1572,-121.3617,-118.41094,-116.55629,-113.75175,-111.86472,-109.93709,-107.97193,-103.46716,-101.49428,-99.50296,-97.49766,-95.48302,-93.46383,-91.44491,-89.4311,-87.42717,-85.43773,-83.46722,-79.05665,-77.09384,-75.16874,-73.28439,-70.57032,-68.71638,-65.85436,-64.05671,-62.31876,-59.36332,-56.30983,-54.69683,-51.60805,-48.46095,-47.03266,-43.91825,-40.79043,-37.66734,-35.65167,-32.49061,-29.38349,-27.17628,-24.11499,-21.81037,-18.84689,-16.4841,-14.06933,-11.28656,-8.87341,-6.4344,-3.97826,-1.51386,0.94972,3.40366,5.83886,8.62032,11.07259,13.47801,16.46727,18.8268,21.1151,24.20148,27.36591,29.50742,32.67429,35.86772,39.06786,42.25453,43.6962,46.91501,50.06987,51.69819,54.80947,56.53921,59.56138,61.3678,64.25894,66.11453,68.01743,69.96501,72.63028,74.57684,76.55269,78.55358,80.57484,82.61154,84.65848,86.71029,88.76155,90.80683,92.84079,94.85829,96.85441,98.82459,100.76462,103.33506,105.27596,107.17168,109.01969,111.81569,113.61611,116.54441,118.27069,121.29277,122.92087,125.99421,129.13767,130.58626,133.70932,136.85522,140.00492,143.1389,146.23843,148.39089,151.477,153.75245,156.77054,159.13022,162.02787,164.42946,166.87711,169.56408,171.99211,174.43847,176.89434,179.35043 -3.66851,-3.67464,0.37007,0.39057,0.36425,0.34464,0.26892,0.22161,0.16919,0.12083,0.08596,0.04214,0.04389,0.05142,0.02426,0.03312,0.90023,0.33839,0.44453,-0.10011,0.14122,0.06502,-4.42926,-4.46651,-4.53937,0.52865,-4.62338,0.21392,-4.78415,-0.06947,-0.06017,-4.93136,-0.07954,-0.0273,-0.02886,-0.0282,-0.0546,-0.19901,-0.20807,-5.40113,-5.44898,-5.49487,-5.53859,-5.60999,-5.65087,-5.72468,-5.76124,-0.7022,-0.70069,-5.9387,-5.96377,-6.03125,-0.68649,-0.80895,-0.70799,-0.64474,-0.77372,-0.74833,-0.65649,-0.6185,-0.61417,-0.67971,-0.71852,-0.75699,-6.52422,-6.54729,-6.54403,-6.55896,-6.56985,-6.57699,-6.58027,-6.57965,-6.57469,-6.5659,2.89988,-4.55555,-6.53895,-6.53392,-6.50511,-6.47404,-6.45288,-6.42489,-6.38461,-6.34606,-6.30181,-0.15106,-6.19689,-6.18488,-6.12166,-6.05592,-6.03331,-5.9623,-4.31332,-5.85974,-0.17686,4.56157,-5.71272,-4.57411,0.17466,-5.55519,-5.5094,-5.46184,0.25754,0.26217,0.15908,0.15496,0.21889,0.29032,0.33996,0.31415,-4.99826,-4.94803,-4.8991,0.1899,1.68245,0.4204,-4.69223,-4.65072,-4.57733,-4.53953,0.5713,0.62518,0.64568,0.61223,0.68875,0.6878,0.624,0.67178,0.79527,0.61167,0.60083,0.63565,0.58409,0.50966,0.46261,0.32779,0.38808,0.46283,-3.71286,-3.69083,-3.69689,-3.68355,0.97391,-3.66786,2.07186
507.46392 -178.2021,-175.77198,-173.3676,-170.99682,-168.66704,-165.75584,-163.46224,-160.43286,-158.2155,-155.11857,-153.01272,-149.90056,-146.75446,-143.59229,-140.43316,-137.2959,-134.19801,-132.66215,-129.57455,-126.56875,-124.89292,-121.9622,-120.21331,-118.41094,-115.59558,-113.75175,-111.86472,-109.23459,-107.34107,-105.4174,-103.46716,-101.49428,-99.50296,-97.49766,-95.48302,-93.46383,-91.44491,-89.4311,-87.42717,-85.43773,-83.46722,-81.51981,-79.59937,-77.70944,-75.16874,-73.28439,-71.44335,-68.71638,-66.91469,-65.16643,-62.31876,-60.64063,-57.712,-54.69683,-53.15169,-50.116,-47.03266,-43.91825,-40.79043,-37.66734,-34.56689,-31.5064,-29.38349,-26.34645,-24.11499,-21.15174,-18.84689,-16.00498,-13.66608,-11.28656,-8.87341,-6.4344,-3.97826,-1.51386,0.94972,3.40366,5.83886,8.24678,10.61947,13.47801,15.82954,18.12119,21.1151,23.32823,26.38634,29.50742,32.67429,35.86772,39.06786,42.25453,45.40791,48.50906,50.06987,53.1438,54.80947,57.8128,59.56138,62.45273,64.25894,66.11453,68.84003,70.71687,72.63028,74.57684,78.94064,80.8781,82.82896,84.78867,86.75253,88.71576,90.67363,92.62146,94.55471,96.85441,98.82459,100.76462,102.67072,104.53954,107.17168,109.01969,110.81798,113.61611,115.35855,118.27069,119.93285,122.92087,124.48135,127.50455,130.58626,133.70932,135.01518,138.07931,141.13997,143.1389,146.23843,149.2859,152.26578,154.48095,157.39009,159.67947,162.02787,164.7959,167.16274,169.56408,171.99211,174.43847,176.89434,179.35043 -3.66851,-3.67464,-3.68442,0.40399,0.37667,0.34464,0.23818,0.22161,0.16064,0.12083,0.13585,0.09983,0.03721,0.16831,0.07621,0.03786,-4.11987,0.90023,-4.2016,-4.26744,-4.29407,-4.36288,0.02038,-4.42926,0.17192,-4.53937,0.52865,-4.64959,-4.69272,-4.73763,-4.78415,-0.06947,-0.06017,-4.93136,-0.07954,-0.0273,-0.02886,-0.0282,-0.0546,-0.19901,-0.20807,-5.33561,-5.38245,-5.42767,-5.49487,-5.53859,-5.58009,-5.65087,-5.68908,-5.72471,-0.7022,-5.82601,-5.8949,-5.96377,-5.98606,-6.04993,-0.80895,-0.70799,-0.64474,-0.77372,-0.72779,-0.67651,-0.6185,-0.56988,-0.67971,-0.72869,-0.75699,-6.50429,-6.52558,-6.54403,-6.55896,-6.56985,-6.57699,-6.58027,-6.57965,-6.57469,-6.5659,0.14331,-6.53771,-6.53895,-6.51512,-6.48857,-6.47404,-6.44123,-0.24276,-6.38461,-6.34606,-6.30181,-0.15106,-6.19689,-6.13769,-6.07578,-6.05592,-5.98835,-5.9623,-4.24208,-5.85974,-5.78775,4.56157,-5.71272,-5.64088,-0.36097,-5.55519,-5.5094,0.23151,-5.34989,-5.3017,-5.25286,-5.20365,0.31694,0.3672,0.30129,-5.00856,-4.94803,-4.8991,0.1899,-4.80594,-4.76198,-4.69223,-4.65072,-4.61163,-4.53953,0.5737,0.62518,0.62235,0.61223,0.59921,0.68056,0.624,0.67178,0.67903,0.70402,0.5552,0.60083,0.63565,0.50149,0.49746,0.44103,-3.39256,-3.4132,0.46283,-3.73429,-3.71384,-3.69689,-3.68355,0.97391,-3.66786,2.07186
517.03871 -178.42458,-176.07439,-173.74721,-170.99682,-168.66704,-166.38431,-163.46224,-161.23137,-158.2155,-156.07369,-153.01272,-149.90056,-147.93581,-144.85813,-141.77608,-138.70725,-137.2959,-134.19801,-131.15617,-129.57455,-126.56875,-123.65688,-121.9622,-120.21331,-117.39405,-115.59558,-112.91867,-111.09474,-109.23459,-107.34107,-105.4174,-103.02774,-101.13087,-99.21774,-97.29232,-95.35874,-93.42121,-91.48403,-89.55148,-87.62777,-85.71701,-83.82313,-81.51981,-79.59937,-77.70944,-75.8532,-73.28439,-71.44335,-69.64774,-66.91469,-65.16643,-63.47232,-60.64063,-59.02199,-56.12469,-53.15169,-51.67237,-48.69198,-45.67357,-42.63298,-39.58678,-36.55178,-33.5444,-31.5064,-28.50207,-25.5683,-23.3934,-20.53585,-18.29676,-16.00498,-13.66608,-10.98633,-8.65177,-6.29377,-3.92032,-1.53944,0.84069,3.21203,5.5665,7.89631,10.61947,12.94976,15.23116,18.12119,20.34796,23.32823,25.46332,28.48469,31.55492,34.65672,37.772,40.88216,43.96882,47.01376,48.50906,51.54133,53.1438,56.12242,57.8128,60.69745,62.45273,65.20748,67.00274,68.84003,70.71687,73.25122,75.12323,77.02098,78.94064,80.8781,82.82896,84.78867,86.75253,88.71576,90.67363,92.62146,94.55471,96.46907,98.36049,100.22521,102.67072,104.53954,106.36824,109.01969,110.81798,112.56507,115.35855,117.04269,119.93285,121.53176,124.48135,125.9762,128.94662,131.96507,135.01518,138.07931,141.13997,144.17937,147.18058,150.12796,152.26578,155.16476,157.39009,160.19457,162.47101,164.7959,167.16274,169.75352,172.1004,174.4641,176.83667,179.20985 -3.69288,-3.69835,0.7002,0.40399,0.37667,-3.73451,0.23818,0.20363,0.16064,0.13661,0.13585,0.09983,0.10147,0.05801,-4.0002,0.10519,0.03786,-4.11987,-4.18069,-4.2016,-4.26744,0.13935,-4.36288,0.02038,-4.46454,0.17192,-4.56918,-4.60837,-4.64959,-4.69272,-4.73763,-4.80137,-4.84674,-4.89324,-0.00411,0.1993,0.0912,-0.03482,-2.77545,-5.1816,-0.38564,0.26033,-5.33561,-5.38245,-5.42767,-5.47119,-5.53859,-5.58009,-5.61934,-5.68908,-5.72471,-5.75778,-5.82601,-1.03499,-5.92046,-5.98606,-1.04222,-6.06611,-6.12362,-0.65123,-0.57264,-0.73471,-0.75356,-0.67651,-0.53639,-6.40624,-0.66686,-6.45396,-6.48031,-6.50429,-6.52558,-6.52172,-6.53563,-6.54569,-6.5523,-6.55536,-6.55485,-6.55045,-4.06374,0.15969,-6.53771,-5.99758,-6.4968,-6.48857,-6.45982,-6.44123,-0.32924,-0.20328,-6.34386,-6.30338,-6.25752,-0.12213,-6.15127,-0.4469,-6.07578,-6.01165,-5.98835,-4.29384,-4.24208,-5.8214,-5.78775,-5.71796,-5.68054,-5.64088,-0.36097,-5.53157,-5.48823,-5.44338,0.23151,-5.34989,-5.3017,-5.25286,-5.20365,0.31694,0.3672,0.30129,-5.00856,-4.96121,-4.91503,0.25137,-4.80594,-4.76198,4.23918,-4.65072,-4.61163,-4.57493,0.5737,-4.47211,0.62235,0.53091,0.59921,0.66136,0.63104,0.59159,0.67903,0.70402,0.5552,0.57999,-3.92059,0.41261,0.49746,0.33007,-3.39256,3.29241,0.5761,-3.73429,-3.71384,-3.71996,-0.37543,-3.69846,-3.69282,-3.69092
100.0 -177.02076,-164.85737,-148.99379,-132.21191,-117.1362,-107.91,-97.84731,-87.50819,-77.54998,-68.49795,-53.94128,-37.69586,-22.16884,-10.09282,2.67262,14.93351,31.092,48.05573,63.19759,72.56951,82.74098,93.14389,103.13267,112.19779,126.7735,142.94578,158.41975,170.35515 -0.34395,-0.23451,-0.08427,-0.02784,-0.04368,-0.09045,-0.12466,-0.04922,0.00911,0.02093,0.06263,0.15457,0.24751,0.29115,0.3335,0.38125,0.40642,0.31932,0.24091,0.24856,0.14315,-0.02865,-0.11444,-0.15744,-0.29554,-0.39532,-0.40366,-0.40066
