47.87395 -171.36917,-147.91229,-134.10685,-102.42703,-83.57269,-52.92332,-39.08604,-15.8672,11.99826,49.77462,79.05471,97.34332,125.94126,161.59843 -15.72894,4.77906,1.36551,-3.07848,-4.58129,-0.50236,2.61476,-15.51141,-15.49063,0.72111,-5.50744,-6.70257,-2.12239,-16.10942
57.44875 -174.10023,-147.91229,-119.47027,-102.42703,-83.57269,-66.7052,-39.08604,-13.0633,6.96231,34.22162,62.04363,79.05471,97.34332,113.77381,140.34059,166.27668 9.16492,4.77906,-0.02807,-3.07848,-4.58129,-2.47347,2.61476,6.48596,9.18121,5.31939,-0.43774,-5.50744,-6.70257,-3.74463,2.91961,9.11674
67.02354 -174.10023,-156.03014,-132.60058,-119.47027,-99.45261,-86.11934,-66.7052,-53.78603,-30.974,-13.0633,6.96231,24.82424,48.43662,62.04363,81.38894,94.67938,113.77381,126.64255,149.08651,166.27668 9.16492,6.97146,2.93214,-0.02807,-4.24487,-5.562,-2.47347,0.10893,4.8137,6.48596,9.18121,9.18859,4.16301,-0.43774,-4.90482,-5.99368,-3.74463,0.20837,6.53466,9.11674
76.59833 -175.81628,-156.03014,-142.10864,-132.60058,-112.1594,-99.45261,-86.11934,-73.5574,-53.78603,-44.45247,-30.974,-11.31411,4.28267,18.89718,38.38006,48.43662,68.59355,81.38894,94.67938,107.17149,126.64255,149.08651,168.81251 11.02617,6.97146,5.27273,2.93214,-1.70504,-4.24487,-5.562,-4.61236,0.10893,1.70773,4.8137,8.12286,11.54913,12.14757,7.37924,4.16301,-0.16923,-4.90482,-5.99368,-4.19899,0.20837,6.53466,10.45552
86.17312 -175.81628,-161.24462,-142.10864,-123.18751,-112.1594,-73.5574,-62.74714,-44.45247,-25.77023,-11.31411,4.28267,18.89718,38.38006,57.3431,68.59355,94.67938,107.17149,117.95879,136.08949,154.65919,168.81251 11.02617,7.97383,5.27273,1.20306,-1.70504,-4.61236,-2.19125,1.70773,5.51767,8.12286,11.54913,12.14757,7.37924,3.64417,-0.16923,-5.99368,-4.19899,-1.0556,2.95116,7.85917,10.45552
95.74791 -177.02076,-164.85737,-148.99379,-132.21191,-123.18751,-107.91,-97.84731,-87.50819,-77.54998,-62.74714,-53.94128,-37.69586,-22.16884,-10.09282,2.67262,14.93351,31.092,48.05573,63.19759,72.56951,82.74098,93.14389,103.13267,117.95879,126.7735,142.94578,158.41975,170.35515 10.47033,8.60525,6.69103,3.64221,1.20306,-0.68601,-4.03396,-6.2652,-5.00619,-2.19125,-0.18085,2.05052,5.30023,8.56051,10.85615,11.40343,9.26883,5.34813,1.34657,-1.1126,-3.87267,-4.53635,-3.5948,-1.0556,1.27714,5.1148,7.89188,9.51713
105.3227 -177.02076,-164.85737,-154.09872,-139.41129,-132.21191,-117.1362,-107.91,-97.84731,-87.50819,-77.54998,-68.49795,-53.94128,-46.92545,-32.68405,-22.16884,-10.09282,1.62474,14.93351,25.75266,40.63722,54.96145,63.19759,72.56951,82.74098,93.14389,103.13267,112.19779,126.7735,133.78868,147.99197,158.41975,170.35515 10.47033,8.60525,7.55872,5.08665,3.64221,0.99397,-0.68601,-4.03396,-6.2652,-5.00619,-3.32092,-0.18085,1.52198,1.95222,5.30023,8.56051,9.85116,11.40343,9.06161,5.99517,3.15652,1.34657,-1.1126,-3.87267,-4.53635,-3.5948,-2.21333,1.27714,2.64181,6.44406,7.89188,9.51713
114.89749 -177.92687,-167.5079,-154.09872,-139.41129,-125.22072,-117.1362,-105.16013,-96.84418,-88.38597,-80.14664,-68.49795,-60.613,-46.92545,-32.68405,-19.52856,-9.17749,1.62474,12.14368,25.75266,34.77294,40.63722,54.96145,67.26448,75.2142,83.62148,92.15033,100.43661,112.19779,120.08161,133.78868,147.99197,161.08661,171.36699 9.125,8.68654,7.55872,5.08665,1.98879,0.99397,0.05303,-2.55411,-5.585,-4.29279,-3.32092,-1.55146,1.52198,1.95222,4.60204,7.24114,9.85116,10.67264,9.06161,6.30634,5.99517,3.15652,1.84208,-0.46283,-2.33516,-2.06069,-1.0062,-2.21333,-0.14725,2.64181,6.44406,8.70322,9.01727
124.47228 -178.6415,-167.5079,-157.99418,-145.13446,-132.10784,-120.16418,-113.00762,-105.16013,-96.84418,-88.38597,-80.14664,-72.43419,-60.613,-53.91867,-41.34871,-28.85435,-19.52856,-8.45749,0.90435,12.14368,21.75434,34.77294,47.94839,60.0099,67.26448,75.2142,83.62148,92.15033,100.43661,108.17246,120.08161,126.75422,139.33612,151.79067,161.08661,172.06621 8.2233,8.68654,6.72513,5.70377,2.3324,-0.70921,-0.00224,0.05303,-2.55411,-5.585,-4.29279,-2.22483,-1.55146,1.01568,2.33457,2.66208,4.60204,8.06242,10.58675,10.67264,9.73621,6.30634,4.3257,3.1915,1.84208,-0.46283,-2.33516,-2.06069,-1.0062,-1.3584,-0.14725,0.86818,3.26853,7.52229,8.70322,9.04374
134.04707 -178.6415,-169.53839,-161.0477,-149.71733,-137.89196,-126.53079,-120.16418,-113.00762,-103.23888,-96.15613,-88.99298,-81.96856,-72.43419,-65.44472,-53.91867,-48.30463,-36.8803,-28.85435,-17.50642,-8.45749,0.90435,10.09676,18.68818,30.12544,42.08128,53.56677,60.0099,67.26448,77.09127,84.23957,91.45765,98.52064,108.17246,115.16184,126.75422,132.32236,143.74214,151.79067,163.05555,172.06621 8.2233,7.83099,4.79006,3.78398,2.29059,-1.1149,-0.70921,-0.00224,-1.74635,-3.83986,-4.95544,-4.19266,-2.22483,-1.07574,1.01568,2.62798,1.96085,2.66208,4.9318,8.06242,10.58675,10.26826,9.39023,6.89725,6.31376,4.26286,3.1915,1.84208,2.00898,0.00838,-0.37971,-0.14329,-1.3584,-0.11494,0.86818,0.84085,3.7009,7.52229,8.88241,9.04374
143.62186 -179.22456,-169.53839,-161.0477,-149.71733,-142.73931,-137.89196,-126.53079,-116.39314,-110.03688,-103.23888,-96.15613,-88.99298,-81.96856,-75.27738,-65.44472,-59.25696,-48.30463,-36.8803,-25.84682,-17.50642,-7.87138,0.38916,8.5429,18.68818,26.40326,37.20005,47.94591,53.56677,63.80751,70.2252,77.09127,84.23957,91.45765,98.52064,105.23059,115.16184,121.32596,132.32236,143.74214,154.71882,163.05555,172.56807 6.30417,7.83099,4.79006,3.78398,0.27406,2.29059,-1.1149,-3.77314,-2.07921,-1.74635,-3.83986,-4.95544,-4.19266,-3.21226,-1.07574,-1.25616,2.62798,1.96085,2.38055,4.9318,6.77636,9.13973,9.24951,9.39023,7.38368,7.662,6.3801,4.26286,5.40843,4.94521,2.00898,0.00838,-0.37971,-0.14329,-0.22779,-0.11494,0.52967,0.84085,3.7009,7.01343,8.88241,7.16613
153.19665 -179.22456,-171.14763,-163.50204,-153.4387,-142.73931,-132.10449,-122.21302,-116.39314,-110.03688,-95.65521,-89.43866,-81.96856,-75.27738,-69.06033,-63.39525,-53.85245,-43.60122,-33.24714,-23.42806,-15.90538,-7.87138,0.38916,8.5429,16.28151,26.40326,37.20005,47.94591,57.94154,63.80751,70.2252,78.48784,84.6969,90.94832,105.23059,111.44481,117.08508,126.68276,136.95391,147.28171,157.02593,164.55681,172.56807 6.30417,5.58957,3.19445,1.83932,0.27406,-1.06513,-3.99654,-3.77314,-2.07921,-3.97474,-3.85506,-4.19266,-3.21226,-1.19505,-1.63173,-0.72386,2.52459,1.27807,1.73201,4.07537,6.77636,9.13973,9.24951,8.70302,7.38368,7.662,6.3801,5.50027,5.40843,4.94521,4.62333,2.64894,1.2468,-0.22779,0.12683,0.89618,0.57399,1.85406,4.34503,6.18025,7.53911,7.16613
162.77144 -179.71242,-172.45663,-163.50204,-156.50057,-146.80941,-136.94267,-127.46064,-122.21302,-113.49347,-107.80668,-101.8232,-95.65521,-89.43866,-83.31636,-77.41834,-69.06033,-63.39525,-53.85245,-49.16696,-39.64961,-30.25389,-23.42806,-14.60219,-7.38129,0.00959,7.33067,16.28151,23.38683,33.13947,43.09344,52.6691,57.94154,66.74179,72.46328,78.48784,84.6969,90.94832,97.09414,103.00057,111.44481,117.08508,122.13031,131.29859,140.81174,150.1599,157.02593,165.73289,172.93884 6.03477,4.16202,3.19445,0.64276,-1.12679,-1.89108,-3.69573,-3.99654,-3.45858,-2.45753,-2.57031,-3.97474,-3.85506,-3.26503,-2.93685,-1.19505,-1.63173,-0.72386,-0.08907,1.16549,0.60954,1.73201,2.84156,4.6177,6.74019,7.33287,8.70302,8.33718,7.61711,8.1948,6.22517,5.50027,7.48699,7.17883,4.62333,2.64894,1.2468,0.2846,0.55581,0.12683,0.89618,1.70235,1.80649,4.16348,5.19071,6.18025,6.28093,6.67529
172.34624 -179.71242,-172.45663,-165.51446,-156.50057,-150.24762,-141.12991,-132.1446,-127.46064,-118.80507,-113.49347,-107.80668,-101.8232,-83.31636,-77.41834,-71.84665,-66.66816,-58.30427,-49.16696,-45.11309,-36.30815,-30.25389,-21.44264,-14.60219,-7.38129,0.00959,7.33067,14.3552,23.38683,29.74589,38.9233,47.98419,52.6691,61.40732,66.74179,72.46328,97.09414,103.00057,108.56333,113.71464,122.13031,131.29859,135.2641,140.81174,150.1599,158.88011,165.73289,172.93884 6.03477,4.16202,2.34347,0.64276,-1.68209,-2.26648,-3.53449,-3.69573,-3.68288,-3.45858,-2.45753,-2.57031,-3.26503,-2.93685,-1.96859,-1.51501,-1.26656,-0.08907,0.49561,0.69441,0.60954,1.22831,2.84156,4.6177,6.74019,7.33287,7.52376,8.33718,7.53976,8.02692,7.09406,6.22517,7.17404,7.48699,7.17883,0.2846,0.55581,1.02605,1.92631,1.70235,1.80649,3.75606,4.16348,5.19071,5.31975,6.28093,6.67529
181.92103 -173.5441,-165.51446,-159.05459,-150.24762,-141.12991,-132.1446,-123.69829,-118.80507,-113.49347,-106.07477,-100.73724,-95.27414,-89.78034,-84.35399,-79.08597,-71.84665,-66.66816,-61.91535,-53.76958,-45.11309,-36.30815,-27.7538,-21.44264,-13.51954,-6.96366,-0.27669,6.36324,12.78509,20.91032,29.74589,35.34091,43.85025,47.98419,56.50686,61.40732,69.0653,74.20937,79.5661,85.04902,90.55874,95.993,101.25736,108.56333,113.71464,118.42224,126.60002,135.2641,144.04246,152.53069,158.88011,166.6744,173.21905,179.87145 3.42404,2.34347,0.19206,-1.68209,-2.26648,-3.53449,-4.05383,-3.68288,-3.45858,-2.32738,-2.44429,-3.47292,-3.76266,-2.55497,-1.93537,-1.96859,-1.51501,-1.32116,-0.89356,0.49561,0.69441,1.06331,1.22831,3.17338,4.10479,4.79836,5.21733,5.61057,8.24126,7.53976,6.94175,6.99972,7.09406,6.83842,7.17404,7.04595,6.51899,4.65077,3.34529,1.71005,-0.00128,-0.22722,1.02605,1.92631,2.18983,1.97977,3.75606,4.55423,4.30266,5.31975,4.7146,5.41214,5.22202
191.49582 -173.5441,-167.19395,-161.2123,-153.17428,-144.75641,-136.30125,-128.16038,-123.69829,-116.06432,-111.2047,-106.07477,-100.73724,-95.27414,-89.78034,-84.35399,-79.08597,-74.05166,-69.30578,-61.91535,-57.59269,-49.74973,-41.60095,-33.46041,-27.7538,-19.78423,-13.51954,-6.96366,-0.27669,6.36324,12.78509,18.85112,26.89016,35.34091,43.85025,52.05495,56.50686,64.20039,69.0653,74.20937,79.5661,85.04902,90.55874,95.993,101.25736,106.27428,110.98818,118.42224,122.68262,130.53838,138.67317,146.7676,152.53069,160.39647,166.6744,173.21905,179.87145 3.42404,1.79227,0.70263,-2.09297,-2.60126,-3.17993,-4.49693,-4.05383,-2.34089,-2.67461,-2.32738,-2.44429,-3.47292,-3.76266,-2.55497,-1.93537,-1.91823,-2.23887,-1.32116,-1.63169,-0.65918,0.43169,0.48482,1.06331,2.25636,3.17338,4.10479,4.79836,5.21733,5.61057,6.15171,6.71514,6.94175,6.99972,6.11519,6.83842,7.07227,7.04595,6.51899,4.65077,3.34529,1.71005,-0.00128,-0.22722,0.59594,1.32894,2.18983,2.28494,2.88581,3.75074,3.43282,4.30266,3.97822,4.7146,5.41214,5.22202
201.07061 -174.4631,-168.61646,-161.2123,-155.68589,-147.90694,-139.98108,-132.20115,-128.16038,-120.61257,-116.06432,-111.2047,-104.69241,-99.87792,-94.97457,-90.05095,-85.17749,-80.42036,-74.05166,-69.30578,-64.88146,-57.59269,-49.74973,-46.19249,-38.54772,-33.46041,-25.63898,-18.37862,-12.60432,-6.60233,-0.49675,5.5763,11.4849,18.85112,24.46795,32.25611,40.21465,48.04193,52.05495,59.65843,64.20039,69.0653,75.60666,80.42289,85.32856,90.25155,95.11835,99.86024,106.27428,110.98818,115.36608,122.68262,130.53838,134.0009,141.61288,146.7676,154.508,160.39647,167.44185,173.43483,179.5112 2.60759,0.52008,0.70263,-1.96915,-3.66001,-3.40967,-4.85336,-4.49693,-2.80724,-2.34089,-2.67461,-2.36644,-2.48924,-3.67951,-4.44177,-3.21801,-2.6,-1.91823,-2.23887,-2.90279,-1.63169,-0.65918,-1.51895,-0.78848,0.48482,1.88208,3.3043,3.60717,3.39812,3.54783,4.39924,4.24663,6.15171,5.10753,6.05772,6.89758,5.40625,6.11519,7.32298,7.07227,7.04595,4.04642,2.74673,1.80272,0.36949,-0.85632,-0.46367,0.59594,1.32894,1.52447,2.28494,2.88581,2.40915,2.31842,3.43282,3.3733,3.97822,2.85427,3.96826,4.13209
210.6454 -174.4631,-168.61646,-163.05634,-155.68589,-150.65568,-143.23822,-135.84494,-132.20115,-124.82888,-120.61257,-113.82123,-109.3568,-104.69241,-99.87792,-94.97457,-90.05095,-85.17749,-80.42036,-75.83638,-71.46963,-64.88146,-60.7925,-53.6849,-46.19249,-38.54772,-31.01341,-23.82946,-18.37862,-12.60432,-6.28599,-0.66871,5.5763,11.4849,17.1183,24.46795,29.58893,37.019,44.44208,48.04193,55.46153,59.65843,66.48889,70.94452,75.60666,80.42289,85.32856,90.25155,95.11835,99.86024,104.41868,115.36608,119.39515,126.514,134.0009,141.61288,149.08476,156.1765,161.65571,167.44185,173.43483,179.5112 2.60759,0.52008,-0.01979,-1.96915,-5.07364,-4.60758,-4.92033,-4.85336,-3.98562,-2.80724,-2.73324,-2.67905,-2.36644,-2.48924,-3.67951,-4.44177,-3.21801,-2.6,-2.77899,-3.65668,-2.90279,-4.06131,-2.60868,-1.51895,-0.78848,0.09931,2.19264,3.3043,3.60717,2.84132,2.86085,4.39924,4.24663,3.86825,5.10753,4.72784,6.16122,5.36157,5.40625,6.24486,7.32298,4.77287,4.46548,4.04642,2.74673,1.80272,0.36949,-0.85632,-0.46367,1.41498,1.52447,2.42391,3.015,2.40915,2.31842,2.43757,3.0589,2.27032,2.85427,3.96826,4.13209
220.22019 -175.25073,-169.8366,-163.05634,-157.85882,-150.65568,-143.23822,-135.84494,-128.70943,-124.82888,-118.04957,-113.82123,-109.3568,-103.56457,-99.1812,-94.73285,-90.27083,-85.8474,-81.51216,-75.83638,-71.46963,-67.35029,-60.7925,-57.03737,-50.16437,-43.0432,-35.88124,-28.89369,-23.82946,-17.17223,-11.81973,-6.28599,-0.66871,4.92558,10.39316,17.1183,22.39644,29.58893,37.019,44.44208,51.61363,55.46153,62.27787,66.48889,70.94452,76.74894,81.11976,85.55582,90.00341,94.40796,104.41868,108.74864,112.81986,119.39515,123.07853,129.94659,137.04503,144.15883,151.07123,156.1765,162.71566,168.07753,173.60369,179.19567 0.81407,-0.79911,-0.01979,-3.54376,-5.07364,-4.60758,-4.92033,-4.18358,-3.98562,-3.39865,-2.73324,-2.67905,-1.79369,-1.87168,-2.89806,-3.81115,-3.5804,-3.70808,-2.77899,-3.65668,-4.21876,-4.06131,-5.16747,-3.69769,-3.25502,-1.55587,0.1823,2.19264,2.85521,2.98439,2.84132,2.86085,3.75344,3.93835,3.86825,3.63958,4.72784,6.16122,5.36157,5.45844,6.24486,5.2764,4.77287,4.46548,3.0138,2.16929,1.31858,0.10923,-1.07689,1.41498,2.16571,2.25762,2.42391,4.12932,3.02174,2.02236,2.33818,3.33007,3.0589,1.14577,1.17822,2.71079,2.4549
229.79498 -175.25073,-169.8366,-164.64872,-157.85882,-153.06593,-146.12557,-139.12389,-132.26296,-128.70943,-122.01942,-118.04957,-111.95616,-107.8361,-103.56457,-99.1812,-94.73285,-90.27083,-85.8474,-81.51216,-77.30881,-71.46963,-67.35029,-63.49524,-57.03737,-53.60366,-46.99745,-40.24985,-33.54052,-28.89369,-22.26525,-17.17223,-11.81973,-6.00641,-0.80506,4.37974,10.39316,15.64405,20.61034,27.27115,34.20654,41.22095,48.10518,51.61363,58.33499,62.27787,68.39229,72.49256,76.74894,81.11976,85.55582,90.00341,94.40796,98.71797,102.88834,108.74864,112.81986,116.61602,123.07853,129.94659,133.01678,139.72645,146.37532,151.07123,157.59965,162.71566,168.07753,173.73777,178.91677 0.81407,-0.79911,-1.98988,-3.54376,-5.98541,-5.57521,-4.98528,-3.89499,-4.18358,-3.81911,-3.39865,-2.97933,-2.57016,-1.79369,-1.87168,-2.89806,-3.81115,-3.5804,-3.70808,-3.90332,-3.65668,-4.21876,-5.09902,-5.16747,-3.65198,-4.20713,-3.25742,-0.68388,0.1823,1.5188,2.85521,2.98439,2.39542,2.02783,2.28675,3.93835,2.7744,2.96286,4.2249,4.98811,5.35648,5.61018,5.45844,5.31647,5.2764,3.49836,2.9286,3.0138,2.16929,1.31858,0.10923,-1.07689,-0.00473,2.76135,2.16571,2.25762,3.50296,4.12932,3.02174,3.71379,3.53949,3.42469,3.33007,2.57856,1.14577,1.17822,1.29187,1.12864
239.36977 -175.93365,-170.89446,-166.03672,-159.75329,-153.06593,-148.69165,-142.07317,-135.50649,-132.26296,-125.7207,-122.01942,-115.89403,-111.95616,-107.8361,-102.62689,-98.60459,-94.53357,-90.45315,-86.40321,-81.51216,-77.30881,-73.27289,-69.43073,-63.49524,-59.90994,-53.60366,-46.99745,-40.24985,-33.54052,-27.04331,-22.26525,-16.12561,-11.13926,-6.00641,-0.80506,4.37974,9.46505,14.37703,20.61034,25.24578,31.72503,38.34071,44.91762,48.10518,54.67065,58.33499,64.48044,68.39229,72.49256,81.69689,85.74405,89.79897,98.71797,102.88834,106.88271,110.67453,116.61602,120.13275,126.4306,133.01678,139.72645,146.37532,152.788,157.59965,163.61868,168.6117,173.73777,178.91677 -0.65092,-2.13792,-3.33988,-4.18062,-5.98541,-5.38864,-4.92251,-3.21615,-3.89499,-3.73654,-3.81911,-3.65201,-2.97933,-2.57016,-1.00012,-1.33554,-1.98018,-3.26641,-4.07996,-3.70808,-3.90332,-3.90801,-3.50637,-5.09902,-5.37666,-3.65198,-4.20713,-3.25742,-0.68388,-0.34131,1.5188,2.59138,2.5898,2.39542,2.02783,2.28675,2.33451,1.0953,2.96286,4.38013,4.7505,4.79868,5.26076,5.61018,5.55743,5.31647,3.70495,3.49836,2.9286,2.53434,1.43326,0.33243,-0.00473,2.76135,3.67569,3.36014,3.50296,4.83087,3.69288,3.71379,3.53949,3.42469,3.98416,2.57856,1.51272,0.80333,1.29187,1.12864
248.94456 -176.53157,-170.89446,-166.03672,-161.41692,-155.19052,-148.69165,-144.72803,-142.07317,-135.50649,-129.15328,-125.7207,-119.62828,-115.89403,-110.38387,-106.56394,-102.62689,-98.60459,-94.53357,-90.45315,-86.40321,-82.42186,-78.54336,-73.27289,-69.43073,-65.79942,-59.90994,-56.59099,-50.47213,-44.14873,-37.76539,-31.47481,-25.41649,-20.9008,-16.12561,-10.54333,-5.75751,-0.91468,3.91602,9.46505,14.37703,19.05817,25.24578,31.72503,35.76356,38.34071,44.91762,51.28452,54.67065,60.77942,64.48044,69.99631,73.78724,77.69854,81.69689,85.74405,89.79897,93.82008,97.76784,101.60693,106.88271,110.67453,114.24702,120.13275,123.37488,129.47278,135.76264,142.0953,148.31554,152.788,158.82561,163.61868,168.6117,173.84535,178.66844 -0.13452,-2.13792,-3.33988,-3.78742,-4.54415,-5.38864,-4.85584,-4.92251,-3.21615,-4.12263,-3.73654,-3.55036,-3.65201,-2.62604,-1.75945,-1.00012,-1.33554,-1.98018,-3.26641,-4.07996,-4.28397,-4.61125,-3.90801,-3.50637,-3.07494,-5.37666,-3.75373,-2.75805,-3.2259,-0.93285,-0.25872,0.43642,1.75106,2.59138,2.57416,1.89459,1.00595,0.72219,2.33451,1.0953,2.22064,4.38013,4.7505,4.68456,4.79868,5.26076,5.29191,5.55743,3.49598,3.70495,2.03562,2.0131,2.96775,2.53434,1.43326,0.33243,-0.38658,0.65237,1.6957,3.67569,3.36014,4.13838,4.83087,3.12937,3.69721,4.67577,4.4849,4.14237,3.98416,2.2597,1.51272,0.80333,1.26536,1.11264
258.51935 -176.53157,-171.82015,-167.25613,-161.41692,-157.07319,-150.97947,-144.72803,-138.46184,-132.32453,-129.15328,-123.14622,-119.62828,-114.06071,-110.38387,-106.56394,-102.62689,-98.1194,-94.3664,-90.60686,-82.42186,-78.54336,-74.79655,-71.204,-65.79942,-62.38766,-56.59099,-53.5286,-47.61986,-41.58363,-35.54831,-29.64216,-25.41649,-19.701,-15.20919,-10.54333,-5.75751,-0.91468,3.91602,8.66729,13.27811,19.05817,23.46574,29.52815,35.76356,42.02728,48.16826,51.28452,57.30231,60.77942,66.35286,69.99631,73.78724,77.69854,81.69689,93.82008,97.76784,101.60693,105.30781,108.84769,114.24702,117.59219,123.37488,129.47278,132.23011,138.22114,144.1955,148.31554,154.28317,158.82561,164.39635,169.06623,173.84535,178.66844 -0.13452,-1.45748,-3.04843,-3.78742,-2.94735,-3.50101,-4.85584,-3.45909,-3.42912,-4.12263,-3.96745,-3.55036,-2.36126,-2.62604,-1.75945,-1.00012,-0.85486,-1.58703,-2.03883,-4.28397,-4.61125,-4.21668,-3.42234,-3.07494,-3.00801,-3.75373,-2.12525,-2.00211,-0.92607,0.93982,0.78478,0.43642,1.81722,2.24167,2.57416,1.89459,1.00595,0.72219,0.67729,1.1623,2.22064,4.50056,4.89483,4.68456,4.62655,4.05064,5.29191,3.50291,3.49598,1.94892,2.03562,2.0131,2.96775,2.53434,-0.38658,0.65237,1.6957,1.96034,1.98446,4.13838,4.9683,3.12937,3.69721,4.42269,3.96109,4.52203,4.14237,2.74975,2.2597,1.7171,1.08015,1.26536,1.11264
268.09414 -177.05937,-172.6367,-167.25613,-162.88755,-157.07319,-153.02633,-147.12124,-141.15292,-135.2468,-132.32453,-126.44297,-120.9135,-117.57495,-114.06071,-109.04154,-105.4844,-101.83507,-98.1194,-94.3664,-90.60686,-86.87192,-83.1915,-79.59289,-74.79655,-71.204,-67.78177,-62.38766,-59.19715,-53.5286,-47.61986,-45.02262,-39.26992,-35.54831,-29.64216,-23.97679,-19.701,-15.20919,-10.01718,-5.5346,-1.00403,3.51753,7.97471,13.27811,17.69916,23.46574,27.57571,33.45392,39.40819,45.30816,48.16826,54.05357,57.30231,62.87711,66.35286,69.99631,74.88438,78.49964,82.1824,85.90245,89.62772,93.32587,96.9659,105.30781,108.84769,112.21056,117.59219,120.70941,126.35385,132.23011,138.22114,144.1955,150.02386,155.59486,159.89131,164.39635,169.45738,173.93302,178.44606 1.34889,0.41473,-3.04843,-3.25235,-2.94735,-1.91889,-3.97378,-3.9293,-3.04006,-3.42912,-3.99389,-2.54037,-1.9497,-2.36126,-1.0396,-0.80311,-0.09759,-0.85486,-1.58703,-2.03883,-2.71647,-2.55787,-2.50874,-4.21668,-3.42234,-2.30635,-3.00801,-2.49729,-2.12525,-2.00211,0.09931,1.21504,0.93982,0.78478,1.99341,1.81722,2.24167,2.70858,1.03282,0.0897,-0.32678,-0.23737,1.1623,3.08253,4.50056,4.88386,3.60221,3.81555,3.08233,4.05064,3.46118,3.50291,1.56144,1.94892,2.03562,0.81386,1.46414,1.47453,0.96123,0.25252,0.06821,0.66191,1.96034,1.98446,2.40991,4.9683,2.48684,2.10172,4.42269,3.96109,4.52203,2.76165,2.46681,3.1672,1.7171,1.11756,1.61685,1.3857
277.66894 -177.05937,-172.6367,-168.33511,-162.88755,-158.74999,-153.02633,-149.28298,-143.60394,-137.93553,-135.2468,-129.51987,-124.06926,-120.9135,-117.57495,-112.48463,-109.04154,-105.4844,-101.83507,-98.1194,-86.87192,-83.1915,-79.59289,-76.09973,-72.73117,-67.78177,-64.53973,-59.19715,-56.22407,-50.70881,-45.02262,-39.26992,-33.56273,-28.00785,-23.97679,-18.63845,-14.40035,-10.01718,-5.5346,-1.00403,3.51753,7.97471,12.31662,17.69916,21.89234,27.57571,31.37919,37.03409,42.68722,45.30816,51.03121,56.47604,59.58246,62.87711,67.95984,71.36355,74.88438,78.49964,82.1824,85.90245,89.62772,93.32587,96.9659,100.51966,103.96304,108.84769,112.21056,115.38711,120.70941,123.60369,129.08533,134.72884,140.42665,146.06491,151.53671,155.59486,160.82544,165.07264,169.45738,173.93302,178.44606 1.34889,0.41473,-0.24463,-3.25235,-1.87586,-1.91889,-2.35419,-2.71114,-2.78558,-3.04006,-3.01056,-2.61699,-2.54037,-1.9497,0.13596,-1.0396,-0.80311,-0.09759,-0.85486,-2.71647,-2.55787,-2.50874,-2.58604,-2.52762,-2.30635,-1.52156,-2.49729,-1.41704,-0.38302,0.09931,1.21504,2.79476,2.75297,1.99341,2.11706,2.33653,2.70858,1.03282,0.0897,-0.32678,-0.23737,1.07048,3.08253,5.16286,4.88386,2.9822,2.27592,1.91251,3.08233,2.31316,0.66742,0.99521,1.56144,-0.6909,0.36459,0.81386,1.46414,1.47453,0.96123,0.25252,0.06821,0.66191,0.84644,0.45884,1.98446,2.40991,3.88891,2.48684,0.61198,3.00448,3.11741,2.69649,2.67087,1.64037,2.46681,2.97197,1.60487,1.11756,1.61685,1.3857
287.24373 -177.52851,-173.36198,-168.33511,-164.1957,-160.25068,-154.86426,-149.28298,-143.60394,-137.93553,-132.38296,-127.03999,-124.06926,-118.96417,-115.79639,-112.48463,-107.88295,-104.5571,-101.1575,-97.70538,-94.22411,-90.73827,-87.27264,-83.85111,-80.49579,-76.09973,-72.73117,-69.50181,-64.53973,-61.48231,-56.22407,-53.46065,-48.11531,-42.65639,-37.17839,-31.77791,-28.00785,-22.69504,-18.63845,-13.68151,-9.5494,-5.33388,-1.07788,3.17148,7.36797,12.31662,16.50087,20.49378,25.83332,31.37919,37.03409,42.68722,48.22825,51.03121,56.47604,59.58246,64.69109,67.95984,71.36355,75.82501,79.18405,82.59632,86.03757,89.48228,92.9048,96.28045,100.51966,103.96304,107.2766,110.4459,115.38711,118.37375,123.60369,129.08533,131.58728,136.9948,142.41017,147.73587,151.53671,156.7533,160.82544,165.07264,169.7975,174.00558,178.24597 1.04069,1.10528,-0.24463,0.47294,0.83439,-1.1348,-2.35419,-2.71114,-2.78558,-3.06713,-1.9645,-2.61699,0.18996,0.37581,0.13596,0.75287,0.56998,0.77997,0.13697,-0.49469,-0.88343,-1.27532,-0.68078,0.29553,-2.58604,-2.52762,-1.64764,-1.52156,-0.84211,-1.41704,0.05309,1.3524,2.36729,3.36387,4.96872,2.75297,3.03503,2.11706,3.45666,3.47913,1.49521,-0.53533,-1.32362,-0.33275,1.07048,3.00459,4.33904,4.88664,2.9822,2.27592,1.91251,0.94814,2.31316,0.66742,0.99521,-1.51708,-0.6909,0.36459,-1.04418,-1.85864,-1.23255,-0.13867,-0.09733,0.09282,0.12153,0.84644,0.45884,0.32056,1.64121,3.88891,2.28782,0.61198,3.00448,2.0062,1.65856,1.13913,1.99674,1.64037,1.74306,2.97197,1.60487,1.58581,1.71843,1.43459
296.81852 -177.52851,-173.36198,-169.2959,-165.36572,-160.25068,-156.52063,-151.24029,-145.83843,-140.40769,-135.04151,-129.82748,-127.03999,-121.97982,-118.96417,-115.79639,-111.11665,-107.88295,-104.5571,-101.1575,-97.70538,-94.22411,-90.73827,-87.27264,-83.85111,-80.49579,-77.22619,-74.05869,-69.50181,-66.42162,-61.48231,-58.60929,-53.46065,-50.89645,-45.73083,-40.49831,-35.28305,-31.77791,-26.54355,-22.69504,-17.69152,-13.68151,-9.5494,-5.33388,-1.07788,3.17148,7.36797,11.46878,15.4373,20.49378,24.27176,29.5102,34.87972,40.28689,45.63426,48.22825,53.55964,58.60521,61.57017,64.69109,69.35162,72.5412,75.82501,79.18405,82.59632,86.03757,89.48228,92.9048,96.28045,99.58654,102.80317,107.2766,110.4459,113.46132,118.37375,121.17151,126.28412,131.58728,136.9948,139.05248,142.41017,147.73587,152.88386,156.7533,161.65051,165.666,169.7975,174.00558,178.24597 1.04069,1.10528,2.23986,3.14948,0.83439,0.4142,-1.31041,-1.50403,-1.31688,-2.34726,-2.07359,-1.9645,-0.32851,0.18996,0.37581,1.52601,0.75287,0.56998,0.77997,0.13697,-0.49469,-0.88343,-1.27532,-0.68078,0.29553,0.51948,0.23967,-1.64764,-0.48994,-0.84211,0.22227,0.05309,1.87957,3.34462,4.17339,5.4112,4.96872,4.24151,3.03503,3.51488,3.45666,3.47913,1.49521,-0.53533,-1.32362,-0.33275,1.66946,3.04832,4.33904,4.30046,2.86766,1.43209,0.88168,0.40743,0.94814,0.48077,-1.59244,-1.63916,-1.51708,-2.97527,-1.34461,-1.04418,-1.85864,-1.23255,-0.13867,-0.09733,0.09282,0.12153,-0.42178,0.75484,0.32056,1.64121,3.30043,2.28782,1.10201,0.91175,2.0062,1.65856,0.30984,1.13913,1.99674,0.34976,1.74306,3.00759,1.65627,1.58581,1.71843,1.43459
306.39331 -177.94797,-174.0101,-170.15629,-165.36572,-161.59987,-156.52063,-153.01703,-147.87824,-142.68069,-137.5069,-135.04151,-129.82748,-124.83917,-121.97982,-117.25041,-114.24304,-111.11665,-107.88295,-103.75209,-100.57108,-97.34786,-94.1015,-90.85194,-87.61921,-84.42276,-81.28071,-77.22619,-74.05869,-71.00626,-66.42162,-63.49639,-58.60929,-55.91716,-50.89645,-45.73083,-40.49831,-35.28305,-30.16769,-25.22566,-21.54768,-17.69152,-13.03882,-9.13105,-5.15263,-1.13984,2.86807,6.83203,10.71573,15.4373,19.24388,24.27176,27.82142,32.92153,38.08828,43.23668,45.63426,50.8307,55.80012,58.60521,61.57017,66.27184,69.35162,72.5412,75.82501,79.77522,82.95324,86.15411,89.35725,92.54197,99.58654,102.80317,105.9138,108.90554,113.46132,116.31764,121.17151,123.7851,128.76261,133.87852,139.05248,144.19919,149.23579,152.88386,157.78325,161.65051,166.19085,170.09608,174.06654,178.06497 2.31754,2.94371,4.26945,3.14948,2.84519,0.4142,0.58577,-1.61288,-0.57282,-0.1486,-2.34726,-2.07359,-0.25951,-0.32851,1.4026,1.4227,1.52601,0.75287,1.3849,1.00518,0.85959,0.88373,0.51858,0.53893,1.92603,2.79164,0.51948,0.23967,0.33171,-0.48994,0.5304,0.22227,1.26492,1.87957,3.34462,4.17339,5.4112,6.34477,5.42086,4.53798,3.51488,4.5135,4.20941,2.57795,0.13782,0.11178,1.20404,2.89076,3.04832,4.07726,4.30046,3.20628,1.25444,0.71978,0.28315,0.40743,-0.39013,-1.41358,-1.59244,-1.63916,-3.81652,-2.97527,-1.34461,-1.04418,-4.05368,-2.64188,-0.91033,-0.95632,-0.71865,-0.42178,0.75484,0.77283,2.10152,3.30043,2.73219,1.10201,0.60104,0.71641,0.26061,0.30984,1.47438,1.57397,0.34976,2.04821,3.00759,3.23678,2.9541,2.94667,3.18396
315.9681 -177.94797,-174.0101,-170.15629,-166.41728,-161.59987,-158.0187,-153.01703,-147.87824,-144.77156,-139.7915,-137.5069,-132.4367,-127.54143,-124.83917,-120.13045,-117.25041,-114.24304,-109.91906,-106.87327,-103.75209,-100.57108,-97.34786,-94.1015,-90.85194,-87.61921,-84.42276,-81.28071,-78.20934,-75.22262,-71.00626,-68.07844,-63.49639,-60.72822,-55.91716,-53.39966,-48.51944,-43.53802,-38.52717,-33.56098,-28.70981,-25.22566,-20.51554,-16.84289,-13.03882,-9.13105,-4.98852,-1.19264,2.86807,6.83203,10.71573,14.48743,19.24388,22.86628,27.82142,32.92153,38.08828,43.23668,48.28345,53.15518,55.80012,60.4857,63.31376,66.27184,73.56501,76.63976,79.77522,82.95324,86.15411,89.35725,92.54197,95.68832,98.77773,101.79368,105.9138,108.90554,111.7691,116.31764,119.01349,123.7851,128.76261,131.05247,135.9777,140.92445,145.81781,149.23579,154.08985,157.78325,162.3844,166.19085,170.09608,174.06654,178.06497 2.31754,2.94371,4.26945,4.27661,2.84519,2.77647,0.58577,-1.61288,-0.31796,1.6349,-0.1486,-0.9344,-0.32102,-0.25951,1.77137,1.4026,1.4227,2.23379,1.89535,1.3849,1.00518,0.85959,0.88373,0.51858,0.53893,1.92603,2.79164,2.22093,1.56495,0.33171,0.94591,0.5304,1.33761,1.26492,2.93521,3.6931,5.09797,5.84101,6.72211,6.46678,5.42086,4.99514,4.2299,4.5135,4.20941,2.90238,1.61564,0.11178,1.20404,2.89076,4.36263,4.07726,4.48658,3.20628,1.25444,0.71978,0.28315,-0.50183,-2.23247,-1.41358,-2.46887,-3.02215,-3.81652,-2.85041,-3.3483,-4.05368,-2.64188,-0.91033,-0.95632,-0.71865,-0.02739,0.56986,1.01576,0.77283,2.10152,4.0596,2.73219,2.17844,0.60104,0.71641,-0.85092,-0.09094,0.1469,2.03344,1.57397,1.16021,2.04821,4.08272,3.23678,2.9541,2.94667,3.18396
325.54289 -178.32489,-174.59232,-170.93064,-166.41728,-162.818,-158.0187,-154.63407,-149.74324,-144.77156,-139.7915,-134.87477,-130.08875,-127.54143,-122.87797,-120.13045,-115.73414,-112.87623,-109.91906,-106.87327,-103.04675,-100.05855,-97.03593,-93.9947,-90.95123,-87.92201,-84.92304,-81.28071,-78.20934,-75.22262,-72.33201,-68.07844,-65.28153,-62.61886,-58.11619,-53.39966,-51.04879,-46.3168,-41.52014,-36.72366,-31.99216,-28.70981,-24.03459,-20.51554,-16.07855,-12.46118,-8.75502,-4.98852,-1.19264,2.59965,6.35501,10.0424,14.48743,18.12106,22.86628,26.29053,31.13804,36.07298,41.02184,45.90986,48.28345,53.15518,57.79265,60.4857,63.31376,67.65925,70.56701,73.56501,76.63976,79.77522,86.25559,95.68832,98.77773,101.79368,104.72208,108.90554,111.7691,114.49864,119.01349,121.55062,126.22184,131.05247,133.16763,137.90294,142.63112,145.81781,150.58789,155.17496,158.7046,162.3844,166.65858,170.36052,174.11859,177.90112 5.10214,5.71594,5.52393,4.27661,4.1115,2.77647,2.23365,-0.02294,-0.31796,1.6349,1.2371,1.62486,-0.32102,3.15908,1.77137,2.79304,2.90155,2.23379,1.89535,2.39764,2.26828,2.49222,2.79389,2.04151,2.07631,3.11004,2.79164,2.22093,1.56495,1.41832,0.94591,1.22661,1.39386,1.61792,2.93521,3.48185,5.16075,5.75045,6.74653,6.54779,6.46678,5.44092,4.99514,5.39918,4.50159,3.53015,2.90238,1.61564,2.52084,2.55892,4.62783,4.36263,5.45878,4.48658,4.76251,2.03822,0.84924,0.39455,-0.70823,-0.50183,-2.23247,-2.45862,-2.46887,-3.02215,-2.95887,-3.00877,-2.85041,-3.3483,-4.05368,1.30331,-0.02739,0.56986,1.01576,0.47084,2.10152,4.0596,4.94033,2.17844,1.68837,-0.17547,-0.85092,-1.54726,-0.25897,0.98048,2.03344,2.9644,3.23614,3.25446,4.08272,7.36135,5.87189,5.51321,5.43647
335.11768 -178.66523,-174.59232,-170.93064,-167.36663,-163.9225,-159.37827,-154.63407,-151.4515,-146.69653,-141.90825,-137.1503,-132.48507,-130.08875,-125.49054,-122.87797,-118.48473,-115.73414,-112.87623,-108.86247,-105.9858,-103.04675,-100.05855,-97.03593,-93.9947,-90.95123,-87.92201,-84.92304,-81.96935,-79.07464,-75.22262,-72.33201,-69.54638,-65.28153,-62.61886,-60.09128,-55.65703,-51.04879,-46.3168,-44.27569,-39.66139,-36.72366,-31.99216,-27.38537,-24.03459,-19.58287,-16.07855,-12.46118,-8.41558,-4.83961,-1.23839,2.36019,6.35501,10.0424,13.63417,17.10741,21.59595,26.29053,29.5099,34.22348,38.97571,43.7003,45.90986,50.66779,55.23664,57.79265,62.15493,64.85255,67.65925,70.56701,74.46239,77.35169,80.29058,83.26395,86.25559,89.24863,92.2262,95.17191,98.07043,101.79368,104.72208,107.55151,110.27333,114.49864,117.09136,121.55062,123.93317,128.49072,133.16763,137.90294,142.63112,147.28703,151.81176,155.17496,159.53348,163.04124,166.65858,170.36052,174.16378,177.75251 8.44785,5.71594,5.52393,4.89033,4.1448,4.20157,2.23365,1.9141,0.21389,1.77677,2.75117,3.3588,1.62486,3.2014,3.15908,3.27058,2.79304,2.90155,2.85666,2.10449,2.39764,2.26828,2.49222,2.79389,2.04151,2.07631,3.11004,3.4797,2.681,1.56495,1.41832,1.97705,1.22661,1.39386,1.35091,2.6105,3.48185,5.16075,5.45456,5.84418,6.74653,6.54779,5.82805,5.44092,5.31275,5.39918,4.50159,3.94908,3.52592,2.87842,3.61582,2.55892,4.62783,6.55526,6.83011,4.16913,4.76251,4.03383,0.90145,0.0265,-0.37519,-0.70823,-2.08056,-2.46241,-2.45862,-2.26308,-2.89696,-2.95887,-3.00877,-2.65379,-3.16357,-3.28852,-1.02389,1.30331,3.71196,4.13808,3.23085,2.06763,1.01576,0.47084,1.41153,3.56359,4.94033,5.01659,1.68837,1.57148,-0.61689,-1.54726,-0.25897,0.98048,3.5448,5.53386,3.23614,5.21996,6.4073,7.36135,5.87189,7.9847,8.5602
344.69247 -178.66523,-175.11778,-171.63071,-167.36663,-163.9225,-160.61619,-156.10973,-151.4515,-148.47104,-143.86992,-139.27269,-134.736,-132.48507,-127.96818,-125.49054,-121.12244,-118.48473,-114.38457,-111.66525,-108.86247,-105.9858,-99.60662,-96.76127,-93.90075,-91.03873,-88.18888,-85.36455,-81.96935,-79.07464,-76.2509,-73.5082,-69.54638,-66.87207,-64.31307,-60.09128,-55.65703,-53.34567,-48.85545,-44.27569,-39.66139,-35.07038,-30.55913,-27.38537,-22.95393,-19.58287,-15.38708,-11.93961,-8.41558,-4.83961,-1.23839,2.36019,5.92744,9.43663,13.63417,17.10741,20.44309,24.89821,29.5099,34.22348,37.08449,38.97571,43.7003,48.33316,52.8172,55.23664,59.57183,62.15493,64.85255,68.88503,71.63627,74.46239,77.35169,80.29058,83.26395,86.25559,89.24863,92.2262,95.17191,98.07043,100.90791,103.67229,107.55151,110.27333,112.88154,117.09136,119.54708,123.93317,126.16707,130.60191,135.12205,139.67107,144.19078,148.62504,151.81176,156.15604,159.53348,163.63295,167.07827,170.59667,174.16378,177.75251 8.44785,8.3331,6.36724,4.89033,4.1448,3.73871,2.7128,1.9141,1.90551,1.93694,3.08279,3.4739,3.3588,3.791,3.2014,4.2319,3.27058,5.19483,5.03064,2.85666,2.10449,4.03824,4.57297,5.19041,4.69277,4.67164,4.80514,3.4797,2.681,1.42715,1.44927,1.97705,2.02439,1.58336,1.35091,2.6105,3.13614,3.62086,5.45456,5.84418,5.87696,6.15862,5.82805,4.97056,5.31275,6.17839,4.49043,3.94908,3.52592,2.87842,3.61582,3.57624,4.92031,6.55526,6.83011,4.95185,4.36218,4.03383,0.90145,-0.38519,0.0265,-0.37519,-1.1622,-1.69674,-2.46241,-2.19232,-2.26308,-2.89696,-3.24168,-2.74736,-2.65379,-3.16357,-3.28852,-1.02389,1.30331,3.71196,4.13808,3.23085,2.06763,1.53722,0.79256,1.41153,3.56359,4.29947,5.01659,3.44916,1.57148,0.94925,-1.03135,-1.5827,0.36848,2.54634,5.78471,5.53386,5.68693,5.21996,8.23255,9.18084,7.80565,7.9847,8.5602
354.26726 -178.97366,-175.59394,-171.63071,-168.22726,-164.92728,-160.61619,-157.4599,-153.01926,-148.47104,-143.86992,-139.27269,-134.736,-130.3128,-127.96818,-123.64395,-121.12244,-117.01283,-114.38457,-111.66525,-107.9238,-105.19978,-102.42361,-99.60662,-96.76127,-93.90075,-91.03873,-88.18888,-85.36455,-82.57837,-79.84194,-76.2509,-73.5082,-70.85466,-66.87207,-64.31307,-61.87127,-57.69751,-53.34567,-51.17584,-46.80995,-42.38354,-37.94711,-33.55182,-30.55913,-26.17827,-21.96994,-18.73657,-15.38708,-11.93961,-8.10802,-4.70429,-1.27873,2.1449,5.54169,9.43663,12.86357,16.18804,20.44309,23.62774,28.0199,32.52356,37.08449,41.64443,46.14493,50.53188,52.8172,57.10626,59.57183,62.15493,66.21833,68.88503,71.63627,77.97868,80.74359,83.53676,86.34468,89.1534,91.94896,94.71776,100.90791,103.67229,106.35354,108.94375,112.88154,115.37258,119.54708,121.86776,126.16707,130.60191,132.56599,136.92922,141.29759,144.19078,148.62504,152.924,156.15604,160.28314,163.63295,167.07827,170.80921,174.20372,177.61749 11.17367,11.02001,6.36724,4.66712,4.36151,3.73871,2.85605,2.07156,1.90551,1.93694,3.08279,3.4739,4.54066,3.791,4.78997,4.2319,4.66591,5.19483,5.03064,4.42071,3.44951,3.75729,4.03824,4.57297,5.19041,4.69277,4.67164,4.80514,4.5584,4.56617,1.42715,1.44927,2.46872,2.02439,1.58336,1.65942,1.41959,3.13614,2.64974,4.26433,5.0528,4.83519,6.00248,6.15862,5.63862,4.6721,5.55354,6.17839,4.49043,7.0054,5.96522,5.64463,6.29211,6.28624,4.92031,6.49504,6.80855,4.95185,4.49042,3.63377,1.99271,-0.38519,-1.14926,-0.11349,-0.05741,-1.69674,-1.80419,-2.19232,-2.26308,-3.67013,-3.24168,-2.74736,1.28338,2.23934,3.43013,4.59002,5.61614,4.6172,3.17529,1.53722,0.79256,1.266,2.31521,4.29947,4.53947,3.44916,2.4473,0.94925,-1.03135,-0.87279,-0.41011,2.30776,2.54634,5.78471,7.70204,5.68693,6.83987,8.23255,9.18084,8.44506,8.52557,10.54593
363.84205 -178.97366,-175.59394,-172.26615,-169.01038,-164.92728,-161.74684,-157.4599,-154.46093,-150.10877,-145.68885,-141.25175,-136.84819,-132.52784,-130.3128,-126.04795,-123.64395,-119.54443,-117.01283,-113.17665,-110.5856,-107.9238,-105.19978,-102.42361,-99.20507,-96.51749,-93.81744,-91.1164,-88.42588,-85.36455,-82.57837,-79.84194,-77.16558,-74.55817,-70.85466,-68.29641,-65.8377,-61.87127,-59.54679,-55.43467,-51.17584,-49.14045,-44.90248,-40.6283,-36.36388,-33.55182,-29.2467,-25.07472,-21.96994,-18.73657,-14.75903,-11.46675,-8.10802,-4.70429,-1.27873,2.1449,5.54169,8.88849,12.16413,16.18804,19.3927,23.62774,26.65284,30.95836,35.33492,39.73161,44.09568,46.14493,50.53188,54.75919,57.10626,61.16679,63.64375,66.21833,69.97449,72.58327,75.25472,77.97868,80.74359,83.53676,86.34468,89.1534,91.94896,94.71776,97.447,100.12498,102.74134,106.35354,108.94375,111.43706,115.37258,117.7451,121.86776,124.057,128.25943,132.56599,136.92922,141.29759,145.61976,149.84751,152.924,157.04712,160.28314,164.169,167.4572,170.80921,174.20372,177.61749 11.17367,11.02001,7.92006,5.27825,4.36151,4.53826,2.85605,2.71639,5.41188,3.12745,3.47204,3.7553,5.17233,4.54066,5.65756,4.78997,4.57265,4.66591,6.94221,5.86983,4.42071,3.44951,3.75729,6.42015,7.16996,6.73363,6.45364,6.84872,4.80514,4.5584,4.56617,3.91305,3.78144,2.46872,2.96945,3.56306,1.65942,2.19164,2.09692,2.64974,3.45038,3.96793,3.11437,4.96769,6.00248,5.82054,6.27074,4.6721,5.55354,6.77873,6.46572,7.0054,5.96522,5.64463,6.29211,6.28624,5.2466,5.17518,6.80855,5.98107,4.49042,3.50606,1.68769,-0.57108,-2.03955,-0.86857,-0.11349,-0.05741,-1.31102,-1.80419,-2.12672,-2.74885,-3.67013,-0.82388,0.48014,0.4746,1.28338,2.23934,3.43013,4.59002,5.61614,4.6172,3.17529,2.97143,3.46163,2.7935,1.266,2.31521,1.56936,4.53947,2.53344,2.4473,1.46206,0.00991,-0.87279,-0.41011,2.30776,4.84003,7.92218,7.70204,7.37394,6.83987,9.45332,9.87843,8.44506,8.52557,10.54593
373.41684 -179.25392,-176.027,-172.26615,-169.01038,-165.84442,-161.74684,-158.69841,-154.46093,-151.62244,-147.37674,-143.09715,-138.82893,-134.61787,-132.52784,-128.33483,-126.04795,-121.97557,-119.54443,-115.68997,-113.17665,-110.5856,-107.08442,-104.49871,-101.869,-99.20507,-96.51749,-93.81744,-91.1164,-88.42588,-85.75712,-83.12081,-80.52688,-77.16558,-74.55817,-72.02708,-68.29641,-65.8377,-63.48108,-59.54679,-57.33828,-53.29861,-49.14045,-44.90248,-40.6283,-36.36388,-32.15416,-28.04169,-25.07472,-21.07099,-17.9658,-14.75903,-11.0365,-7.82845,-4.58117,-1.31493,1.9499,5.19156,8.88849,12.16413,15.35051,19.3927,22.46467,26.65284,30.95836,33.71451,37.95124,42.1774,44.09568,48.37671,52.52981,54.75919,58.79102,61.16679,63.64375,67.437,69.97449,72.58327,75.25472,78.53479,81.14475,83.77809,86.42348,89.06923,91.70366,94.31539,97.447,100.12498,102.74134,105.28727,108.94375,111.43706,113.82957,117.7451,119.99955,124.057,126.11968,130.21811,134.39361,138.6019,142.79661,146.93243,149.84751,153.93875,157.04712,160.96451,164.169,167.4572,171.00189,174.23965,177.49471 10.99294,11.06729,7.92006,5.27825,5.87871,4.53826,4.59195,2.71639,6.65306,6.82362,4.25703,5.16791,6.70934,5.17233,6.03083,5.65756,5.42069,4.57265,6.89979,6.94221,5.86983,5.65104,5.3063,5.29557,6.42015,7.16996,6.73363,6.45364,6.84872,6.85426,6.18049,5.48709,3.91305,3.78144,4.46387,2.96945,3.56306,2.91637,2.19164,3.14081,2.46619,3.45038,3.96793,3.11437,4.96769,6.14251,5.9767,6.27074,4.44082,5.61343,6.77873,6.43657,7.55066,7.5755,7.03257,6.43793,5.72492,5.2466,5.17518,5.50716,5.98107,4.99274,3.50606,1.68769,-1.50598,-3.26763,-2.64281,-0.86857,0.79257,-0.81875,-1.31102,-1.2801,-2.12672,-2.74885,-0.88107,-0.82388,0.48014,0.4746,2.18044,2.12862,1.83736,2.14294,3.03527,2.2417,0.64122,2.97143,3.46163,2.7935,1.72038,2.31521,1.56936,1.0469,2.53344,0.51125,1.46206,0.17572,-0.35083,-0.76682,1.89141,5.44318,6.56456,7.92218,8.21082,7.37394,8.37837,9.45332,9.87843,9.36065,9.0304,10.17276
382.99163 -179.25392,-176.027,-172.84503,-169.72542,-165.84442,-162.78271,-159.83728,-155.78925,-151.62244,-148.94464,-144.81857,-140.68583,-138.82893,-134.61787,-130.50626,-128.33483,-124.30415,-121.97557,-118.12009,-115.68997,-112.08991,-109.61736,-107.08442,-104.49871,-101.869,-99.20507,-93.743,-88.42588,-85.75712,-83.12081,-80.52688,-77.98428,-75.50081,-72.02708,-69.57809,-67.21544,-63.48108,-61.22755,-57.33828,-55.24322,-51.28431,-47.232,-43.12332,-38.99864,-34.89939,-30.86517,-28.04169,-24.06293,-21.07099,-17.26152,-14.18653,-11.0365,-7.82845,-4.58117,-1.31493,1.9499,5.19156,8.38987,11.52619,15.35051,18.43202,22.46467,25.39527,29.51442,33.71451,37.95124,42.1774,46.34657,50.41591,52.52981,56.51826,58.79102,62.60218,64.97778,67.437,69.97449,73.42717,75.95896,78.53479,81.14475,83.77809,86.42348,89.06923,91.70366,94.31539,96.89361,99.42836,105.28727,107.7556,110.14077,113.82957,116.11916,119.99955,122.13786,126.11968,130.21811,132.05132,136.09516,140.15216,144.18086,146.93243,150.96803,154.86802,157.85998,160.96451,164.65718,167.80135,171.00189,174.23965,177.49471 10.99294,11.06729,8.47499,6.69591,5.87871,6.51802,6.50002,5.22732,6.65306,7.78201,6.05693,6.14518,5.16791,6.70934,6.92286,6.03083,6.23113,5.42069,7.28833,6.89979,7.1747,6.45654,5.65104,5.3063,5.29557,6.42015,6.89714,6.84872,6.85426,6.18049,5.48709,5.34395,5.58857,4.46387,4.52323,5.15322,2.91637,2.1356,3.14081,3.05097,3.57789,4.13564,2.40557,2.13518,5.03457,4.87195,5.9767,5.97102,4.44082,6.17005,6.14364,6.43657,7.55066,7.5755,7.03257,6.43793,5.72492,4.29296,4.41307,5.50716,4.25089,4.99274,2.77041,0.77018,-1.50598,-3.26763,-2.64281,-0.47229,-1.02012,-0.81875,-0.88624,-1.2801,-2.21364,-1.96669,-0.88107,-0.82388,2.98047,1.96166,2.18044,2.12862,1.83736,2.14294,3.03527,2.2417,0.64122,0.04358,-0.1859,1.72038,0.11079,-0.27753,1.0469,-0.39992,0.51125,-0.28387,0.17572,-0.35083,-0.94853,-0.02042,5.52014,6.74762,6.56456,8.2192,7.17839,7.93706,8.37837,11.14967,11.27504,9.36065,9.0304,10.17276
392.56643 -179.50929,-176.42239,-173.37409,-169.72542,-166.68413,-163.73434,-159.83728,-157.01565,-153.02356,-148.94464,-144.81857,-140.68583,-136.58805,-132.56517,-130.50626,-126.52951,-122.71619,-120.46302,-118.12009,-114.49563,-112.08991,-109.61736,-106.32954,-103.86958,-101.37219,-98.84584,-96.2996,-93.743,-91.1858,-88.63777,-86.10847,-83.60703,-81.14201,-77.98428,-75.50081,-73.0831,-69.57809,-67.21544,-64.94202,-61.22755,-59.07683,-55.24322,-51.28431,-49.38614,-45.44282,-41.46309,-37.48402,-33.54271,-30.86517,-26.93259,-24.06293,-20.2472,-17.26152,-14.18653,-10.64377,-7.57361,-4.46908,-1.34791,1.77206,4.87197,7.93403,11.52619,14.58432,17.55021,21.39651,25.39527,28.17963,32.21169,36.29308,40.38185,44.43562,48.41416,50.41591,54.34881,56.51826,60.31401,62.60218,64.97778,68.52989,70.94827,73.42717,75.95896,78.53479,83.993,86.49361,88.99427,94.31539,96.89361,99.42836,101.91072,104.33295,107.7556,110.14077,112.4388,116.11916,118.30529,122.13786,124.1631,128.06146,132.05132,136.09516,140.15216,144.18086,148.14139,151.9984,154.86802,158.60441,161.5867,164.65718,168.11578,171.17774,174.27255,177.38297 9.28419,9.73522,8.22347,6.69591,7.55187,6.8921,6.50002,7.80865,7.73967,7.78201,6.05693,6.14518,8.59572,9.35977,6.92286,6.31888,6.42314,7.04079,7.28833,6.64417,7.1747,6.45654,5.45701,5.19781,5.90031,6.68111,7.14256,6.89714,6.83089,6.62823,6.7876,6.58903,5.79917,5.34395,5.58857,6.14754,4.52323,5.15322,4.62922,2.1356,2.23797,3.05097,3.57789,4.22547,3.10138,1.9176,2.87501,3.53166,4.87195,5.46141,5.97102,5.36799,6.17005,6.14364,5.14805,5.9879,6.85672,5.56199,4.303,3.82955,3.58762,4.41307,4.04546,2.49605,3.16583,2.77041,-0.96829,-1.2925,-4.04719,-4.01125,-2.19679,-1.46899,-1.02012,2.07914,-0.88624,0.18014,-2.21364,-1.96669,0.83019,1.65126,2.98047,1.96166,2.18044,1.0645,0.52851,0.46353,0.64122,0.04358,-0.1859,-0.36838,-0.95068,0.11079,-0.27753,-0.21925,-0.39992,-1.28679,-0.28387,0.14563,0.41318,-0.94853,-0.02042,5.52014,6.74762,6.41167,6.93951,7.17839,8.91051,10.9808,11.14967,12.19536,10.90635,10.04098,8.57109
402.14122 -179.50929,-176.42239,-173.37409,-170.38035,-167.45518,-163.73434,-160.88701,-157.01565,-154.32253,-150.40268,-146.42519,-142.42656,-138.44415,-134.51523,-132.56517,-128.65224,-124.87825,-122.71619,-119.08703,-116.82933,-114.49563,-111.10732,-108.74439,-106.32954,-103.86958,-101.37219,-98.84584,-96.2996,-93.743,-91.1858,-88.63777,-86.10847,-83.60703,-81.14201,-78.72118,-76.35144,-73.0831,-70.73653,-68.46529,-64.94202,-62.75942,-59.07683,-57.02753,-53.25816,-49.38614,-45.44282,-43.76528,-39.91287,-37.48402,-33.54271,-29.67403,-26.93259,-23.13274,-20.2472,-16.61599,-13.66299,-10.64377,-7.57361,-4.46908,-1.34791,1.77206,4.87197,7.93403,10.94177,13.88064,17.55021,20.41249,24.23535,28.17963,30.81583,34.74737,38.70075,42.63754,44.43562,48.41416,52.28171,54.34881,58.11562,60.31401,63.89897,66.17843,68.52989,70.94827,74.18346,76.58868,79.03113,81.50229,83.993,86.49361,88.99427,91.48512,93.95651,96.39926,98.80484,101.91072,104.33295,106.68857,108.9724,112.4388,114.64717,118.30529,120.38871,124.1631,126.07927,129.88855,133.76739,137.68063,141.59105,145.46169,149.25775,151.9984,155.722,158.60441,162.15732,165.10392,168.11578,171.17774,174.27255,177.38297 9.28419,9.73522,8.22347,7.82894,8.44675,6.8921,6.60826,7.80865,9.57494,8.75044,6.94937,6.89828,9.50243,11.09581,9.35977,6.96744,5.78969,6.42314,6.63858,7.02841,6.64417,7.40437,7.0416,5.45701,5.19781,5.90031,6.68111,7.14256,6.89714,6.83089,6.62823,6.7876,6.58903,5.79917,7.00316,6.96171,6.14754,6.49042,6.24426,4.62922,3.45246,2.23797,1.91921,3.08284,4.22547,3.10138,2.59729,2.78973,2.87501,3.53166,3.00613,5.46141,5.49173,5.36799,6.81239,5.50692,5.14805,5.9879,6.85672,5.56199,4.303,3.82955,3.58762,3.99325,3.1561,2.49605,1.94575,0.83544,-0.96829,-0.80918,-2.00694,-2.99124,-2.4501,-2.19679,-1.46899,-2.76481,2.07914,4.48101,0.18014,1.62892,0.74676,0.83019,1.65126,5.68363,3.97396,3.51525,2.81604,1.0645,0.52851,0.46353,1.14955,-0.87451,-2.91346,-2.84837,-0.36838,-0.95068,-1.22489,-1.02947,-0.21925,-1.33028,-1.28679,0.03242,0.14563,1.69591,2.37209,0.03124,2.43207,7.41272,6.34254,6.18674,6.93951,6.87386,8.91051,12.6382,12.27506,12.19536,10.90635,10.04098,8.57109
411.71601 -179.74254,-176.78416,-173.85907,-170.38035,-167.45518,-164.61069,-160.88701,-158.15018,-154.32253,-151.76001,-147.92571,-144.05868,-140.19219,-136.36079,-134.51523,-130.67395,-126.94896,-124.87825,-121.26595,-119.08703,-116.82933,-113.41248,-111.10732,-108.74439,-106.32954,-103.30186,-100.92455,-98.52252,-96.10363,-93.67606,-91.24818,-88.82835,-86.42478,-84.04534,-81.14201,-78.72118,-76.35144,-74.03877,-70.73653,-68.46529,-66.27236,-62.75942,-60.66811,-57.02753,-55.07744,-51.37899,-47.59821,-43.76528,-39.91287,-36.07471,-32.28392,-28.57116,-25.9094,-22.27539,-19.49015,-16.61599,-13.18282,-10.28426,-7.34077,-4.36698,-1.37854,1.60884,4.57873,7.51536,10.94177,13.88064,16.73799,20.41249,23.16273,26.94315,30.81583,34.74737,38.70075,42.63754,46.52039,50.31498,52.28171,56.00806,58.11562,61.69534,63.89897,66.17843,69.51465,71.82319,74.18346,76.58868,79.03113,81.50229,83.993,88.99427,91.48512,93.95651,96.39926,98.80484,101.16551,103.47445,106.68857,108.9724,111.18054,114.64717,116.76467,120.38871,122.37126,126.07927,129.88855,131.60744,135.37445,139.1594,142.92867,145.46169,149.25775,152.94874,155.722,159.28889,162.15732,165.10392,168.40454,171.33911,174.30316,177.28124 7.98387,8.42042,8.00213,7.82894,8.44675,6.68566,6.60826,8.41549,9.57494,9.30225,7.87639,7.49347,9.57257,10.40454,11.09581,9.34243,6.25572,5.78969,5.96419,6.63858,7.02841,5.65144,7.40437,7.0416,5.45701,4.5003,6.23382,7.59382,7.72369,7.24743,7.09546,7.06009,7.4126,7.5659,5.79917,7.00316,6.96171,6.07771,6.49042,6.24426,4.59438,3.45246,2.248,1.91921,2.1374,3.21839,3.53664,2.59729,2.78973,3.26307,2.56233,2.89147,5.1247,5.67546,6.42238,6.81239,5.13375,3.16489,3.77549,4.87175,4.29391,4.41035,4.5627,3.70708,3.99325,3.1561,2.44321,1.94575,0.53382,-0.64147,-0.80918,-2.00694,-2.99124,-2.4501,-1.87261,-1.8218,-2.76481,3.87519,4.48101,2.53068,1.62892,0.74676,2.66271,4.47999,5.68363,3.97396,3.51525,2.81604,1.0645,0.46353,1.14955,-0.87451,-2.91346,-2.84837,-7.96244,-7.57545,-1.22489,-1.02947,-0.83497,-1.33028,-2.1133,0.03242,2.44168,1.69591,2.37209,3.8946,3.33089,5.78864,7.98606,6.34254,6.18674,7.16117,6.87386,9.3955,12.6382,12.27506,10.77763,10.97142,9.87246,7.73807
421.2908 -179.74254,-176.78416,-173.85907,-170.98192,-168.16509,-164.61069,-161.85676,-158.15018,-155.52869,-151.76001,-147.92571,-145.58942,-141.83828,-140.19219,-136.36079,-132.59704,-128.92901,-126.94896,-123.3643,-121.26595,-117.83107,-115.65502,-113.41248,-111.10732,-107.95349,-105.6471,-103.30186,-100.92455,-98.52252,-96.10363,-93.67606,-91.24818,-88.82835,-86.42478,-84.04534,-81.69743,-79.38785,-77.12273,-74.03877,-71.78811,-69.60347,-66.27236,-64.1597,-60.66811,-58.66758,-55.07744,-51.37899,-49.6012,-45.91439,-42.19196,-38.46426,-34.76182,-32.28392,-28.57116,-24.96335,-22.27539,-18.79263,-16.02266,-13.18282,-10.28426,-7.34077,-4.27399,-1.40744,1.45812,4.57873,7.51536,10.40414,13.23197,16.73799,19.50326,23.16273,25.7953,29.51716,33.30492,37.12602,40.94582,44.72992,48.44583,50.31498,53.99129,56.00806,59.57018,61.69534,63.89897,67.26363,69.51465,71.82319,77.15478,79.47665,81.82286,84.18551,86.55639,88.92709,91.2892,93.6345,95.95512,98.80484,101.16551,103.47445,105.72586,108.9724,111.18054,113.31025,116.76467,118.79123,122.37126,124.25562,127.89098,131.60744,135.37445,139.1594,142.92867,146.64937,150.29124,152.94874,156.50947,159.28889,162.68276,165.51461,168.40454,171.33911,174.30316,177.28124 7.98387,8.42042,8.00213,7.97255,8.18678,6.68566,6.8065,8.41549,9.2833,9.30225,7.87639,7.6455,9.69543,9.57257,10.40454,10.4593,7.71663,6.25572,4.97077,5.96419,4.49077,4.62201,5.65144,7.40437,6.57956,4.41557,4.5003,6.23382,7.59382,7.72369,7.24743,7.09546,7.06009,7.4126,7.5659,6.89123,7.31996,7.02748,6.07771,5.32984,4.25229,4.59438,3.96007,2.248,0.91616,2.1374,3.21839,3.12557,3.32605,2.62432,2.6448,3.38018,2.56233,2.89147,4.79424,5.67546,5.04052,6.27816,5.13375,3.16489,3.77549,4.20362,3.76793,4.95268,4.5627,3.70708,2.27063,1.4375,2.44321,1.15543,0.53382,0.68416,-1.42639,-0.32885,-2.13392,-0.65878,-1.15045,-1.11747,-1.8218,0.66769,3.87519,2.66243,2.53068,1.62892,2.35318,2.66271,4.47999,5.27079,4.36008,3.58302,2.90212,2.79224,1.77999,1.8587,0.79844,-0.72371,-2.84837,-7.96244,-7.57545,-1.63539,-1.02947,-0.83497,-0.87937,-2.1133,1.87991,2.44168,3.70361,3.36953,3.8946,3.33089,5.78864,7.98606,5.85199,7.08446,7.16117,7.11069,9.3955,10.39589,10.86569,10.77763,10.97142,9.87246,7.73807
430.86559 -179.95604,-177.11603,-174.30494,-171.53596,-168.16509,-165.4197,-162.75479,-159.20174,-155.52869,-153.02514,-149.32827,-145.58942,-141.83828,-138.10642,-134.42447,-130.81984,-128.92901,-125.38125,-123.3643,-119.93771,-117.83107,-115.65502,-112.42624,-110.21497,-107.95349,-105.6471,-102.78699,-100.51907,-98.22992,-95.92637,-93.6155,-91.30453,-89.00069,-86.71106,-84.44248,-81.69743,-79.38785,-77.12273,-74.90741,-71.78811,-69.60347,-67.48785,-64.1597,-62.12827,-58.66758,-56.75655,-53.2237,-49.6012,-47.91996,-44.32856,-40.7157,-37.10941,-34.76182,-31.11411,-27.54807,-24.96335,-21.48329,-18.79263,-16.02266,-12.74124,-9.95431,-7.12755,-4.27399,-1.40744,1.45812,4.30834,7.12919,9.90765,13.23197,15.98741,19.50326,22.16833,25.7953,28.30688,31.95721,35.64992,39.35391,43.0377,44.72992,48.44583,52.06431,53.99129,57.52503,59.57018,62.95227,65.07493,67.26363,72.61294,74.86462,77.15478,79.47665,81.82286,84.18551,86.55639,88.92709,91.2892,93.6345,95.95512,98.2437,100.4935,105.72586,107.91495,110.03798,113.31025,115.35994,118.79123,120.72776,124.25562,126.04511,129.60324,133.22459,136.88035,140.54032,144.17424,147.75305,150.29124,153.82786,156.50947,159.92054,162.68276,165.51461,168.67101,171.48822,174.3321,177.18862 6.52044,7.28847,7.53324,7.53552,8.18678,6.88336,7.53602,8.07198,9.2833,9.92714,8.74029,7.6455,9.69543,10.25697,8.33621,8.77594,7.71663,4.45624,4.97077,4.73156,4.49077,4.62201,5.41084,7.94374,6.57956,4.41557,5.45911,6.91296,8.07813,8.17055,7.61927,7.56063,8.49431,8.21006,7.48664,6.89123,7.31996,7.02748,4.37808,5.32984,4.25229,2.35117,3.96007,1.98695,0.91616,0.55054,2.04019,3.12557,3.32071,3.29271,1.96754,3.44838,3.38018,4.12132,3.67115,4.79424,4.3922,5.04052,6.27816,3.37011,2.72106,3.55302,4.20362,3.76793,4.95268,4.08609,2.30027,0.91839,1.4375,2.14937,1.15543,0.83173,0.68416,-1.00751,-1.47713,-1.27936,-1.335,-0.60347,-1.15045,-1.11747,-2.0288,0.66769,1.84717,2.66243,0.41326,1.82618,2.35318,4.76492,6.24502,5.27079,4.36008,3.58302,2.90212,2.79224,1.77999,1.8587,0.79844,-0.72371,-1.56004,0.62218,-1.63539,-1.21322,-0.4995,-0.87937,0.74559,1.87991,5.51438,3.70361,5.17439,4.42252,6.50949,6.67148,8.01867,7.01975,7.10561,7.08446,8.16481,7.11069,6.86471,10.39589,10.86569,8.69093,8.29936,6.5174,5.94607
440.44038 -177.11603,-174.30494,-171.53596,-168.82035,-166.16818,-162.75479,-160.17821,-156.65038,-153.02514,-150.64066,-147.02587,-143.38849,-139.75694,-136.15977,-134.42447,-130.81984,-127.31681,-125.38125,-121.9729,-119.93771,-116.68087,-114.58277,-112.42624,-110.21497,-107.23379,-105.02722,-102.78699,-100.51907,-98.22992,-95.92637,-93.6155,-91.30453,-89.00069,-86.71106,-84.44248,-82.2014,-79.99379,-77.12273,-74.90741,-72.74646,-70.64363,-67.48785,-65.44339,-62.12827,-60.17818,-56.75655,-54.93308,-51.46293,-47.91996,-44.32856,-40.7157,-37.10941,-33.53721,-30.02526,-27.54807,-24.08677,-21.48329,-18.14835,-15.47587,-12.74124,-9.95431,-6.93196,-4.18929,-1.4351,1.31816,4.30834,7.12919,9.90765,12.63191,15.98741,18.66072,22.16833,24.72746,28.30688,31.95721,34.26509,37.85535,39.35391,43.0377,46.67085,50.22535,52.06431,55.56047,57.52503,60.89841,62.95227,65.07493,68.24836,70.40577,72.61294,74.86462,79.87864,82.1118,84.35891,86.61289,88.86651,91.11257,93.344,98.2437,100.4935,102.69853,104.85355,107.91495,110.03798,112.09218,115.35994,117.32897,120.72776,122.57592,126.04511,129.60324,131.22124,134.74657,138.2926,141.83147,145.33608,147.75305,151.25037,154.64338,157.23799,159.92054,163.16839,165.89375,168.67101,171.48822,174.35979,177.10431,179.84817 7.28847,7.53324,7.53552,8.00593,7.27811,7.53602,7.77183,9.31619,9.92714,11.00126,8.01531,9.9653,9.95283,7.71413,8.33621,8.77594,4.63406,4.45624,3.60486,4.73156,2.65506,2.86559,5.41084,7.94374,3.6774,4.06321,5.45911,6.91296,8.07813,8.17055,7.61927,7.56063,8.49431,8.21006,7.48664,5.76841,4.29502,7.02748,4.37808,1.81763,1.83344,2.35117,2.60762,1.98695,-0.40366,0.55054,-0.12784,1.37645,3.32071,3.29271,1.96754,3.44838,5.05163,5.34359,3.67115,3.23623,4.3922,2.67804,3.68131,3.37011,2.72106,2.55376,3.45501,3.00799,3.6583,4.08609,2.30027,0.91839,0.67447,2.14937,0.60724,0.83173,0.53028,-1.00751,-1.47713,-1.87204,-2.58271,-1.335,-0.60347,-0.56778,-5.78731,-2.0288,0.39891,1.84717,-0.61615,0.41326,1.82618,0.96212,2.0195,4.76492,6.24502,5.55254,5.60224,5.96141,4.9943,4.36874,4.18883,3.58969,-1.56004,0.62218,-6.06746,-0.86184,-1.21322,-0.4995,-0.69774,0.74559,3.71616,5.51438,7.21773,5.17439,4.42252,6.49676,6.47286,7.00698,8.71628,6.80166,7.10561,8.92751,9.03215,6.26307,6.86471,7.3273,8.56113,8.69093,8.29936,4.49332,4.42935,4.98689
450.01517 -177.42118,-174.71586,-172.04745,-168.82035,-166.16818,-163.58786,-160.17821,-157.69522,-154.20583,-150.64066,-148.37469,-144.84876,-141.3173,-137.80676,-136.15977,-132.6235,-129.17168,-127.31681,-123.93541,-121.9729,-118.71763,-116.68087,-114.58277,-111.52486,-109.40127,-107.23379,-105.02722,-102.78699,-100.14999,-97.96379,-95.76521,-93.56041,-91.35567,-89.15728,-86.9714,-82.2014,-79.99379,-77.8251,-75.70014,-72.74646,-70.64363,-68.60189,-65.44339,-63.47138,-60.17818,-58.30885,-54.93308,-53.19472,-49.79143,-46.33032,-42.83475,-39.32977,-35.84107,-32.39348,-30.02526,-26.59719,-24.08677,-20.74982,-18.14835,-14.97077,-12.33411,-9.65079,-6.93196,-4.18929,-1.4351,1.31816,4.05791,6.77156,9.44749,12.63191,15.29164,17.87784,21.24414,24.72746,27.177,30.69637,34.26509,37.85535,41.43849,44.98623,48.47205,50.22535,53.67623,55.56047,58.91518,60.89841,64.09962,66.14511,68.24836,70.40577,73.32903,75.48107,77.66625,79.87864,82.1118,84.35891,86.61289,88.86651,91.11257,93.344,95.55401,97.73621,99.88469,102.69853,104.85355,106.95418,108.99685,112.09218,114.07566,117.32897,119.2176,122.57592,124.33804,127.74349,131.22124,134.74657,138.2926,141.83147,145.33608,148.78083,152.14264,154.64338,157.91402,160.50537,163.16839,166.24515,168.91801,171.62678,174.35979,177.10431,179.84817 6.02469,6.05277,7.61,8.00593,7.27811,7.56513,7.77183,8.50014,10.15629,11.00126,10.152,9.10395,8.65628,7.34297,7.71413,7.71633,5.34361,4.63406,2.87532,3.60486,2.10715,2.65506,2.86559,3.04795,4.30264,3.6774,4.06321,5.45911,6.13263,6.82921,6.85403,7.14244,7.44263,7.22157,5.87503,5.76841,4.29502,3.95103,2.12936,1.81763,1.83344,0.55841,2.60762,1.71896,-0.40366,-0.84059,-0.12784,-0.7832,2.56644,2.75572,2.78617,2.13681,4.51428,6.75971,5.34359,2.31902,3.23623,1.87753,2.67804,1.36096,1.56519,1.84316,2.55376,3.45501,3.00799,3.6583,2.60535,0.73814,0.50487,0.67447,-0.08109,-0.36113,0.82396,0.53028,0.21704,-2.06517,-1.87204,-2.58271,-5.66417,0.01606,-1.68057,-5.78731,0.15425,0.39891,-5.28966,-0.61615,-1.62962,-5.39279,0.96212,2.0195,2.51328,4.27341,4.9547,5.55254,5.60224,5.96141,4.9943,4.36874,4.18883,3.58969,0.83498,1.4695,2.7775,-6.06746,-0.86184,0.40043,0.45941,-0.69774,4.91607,3.71616,6.29153,7.21773,6.21005,5.60632,6.49676,6.47286,7.00698,8.71628,6.80166,8.69024,8.34937,9.03215,5.0069,5.36835,7.3273,5.9913,5.48176,4.41174,4.49332,4.42935,4.98689
459.58996 -177.70236,-174.71586,-172.04745,-169.42656,-166.86218,-163.58786,-161.08656,-157.69522,-155.30912,-151.86968,-148.37469,-144.84876,-141.3173,-137.80676,-134.34254,-130.94718,-129.17168,-125.82482,-123.93541,-120.69088,-118.71763,-115.62438,-113.6004,-111.52486,-109.40127,-106.57608,-104.46162,-102.31782,-100.14999,-97.96379,-95.76521,-93.56041,-91.35567,-89.15728,-86.9714,-84.804,-82.66073,-80.54689,-77.8251,-75.70014,-73.62308,-71.59743,-68.60189,-66.62344,-63.47138,-61.57238,-58.30885,-56.51905,-53.19472,-49.79143,-48.20527,-44.82737,-41.42715,-38.02772,-34.65251,-32.39348,-29.01019,-25.71188,-23.27293,-20.74982,-17.55189,-14.97077,-12.33411,-9.37099,-6.75222,-4.11219,-1.46187,1.18754,3.82497,6.77156,9.44749,12.07501,14.64479,17.87784,20.38315,23.73196,27.177,29.51517,32.96464,36.44392,39.92703,43.3879,44.98623,48.47205,51.87133,53.67623,57.0036,58.91518,62.11465,64.09962,66.14511,69.14522,71.2155,73.32903,75.48107,77.66625,82.37351,84.51584,86.66395,88.81159,90.95253,95.55401,97.73621,99.88469,101.99415,104.0599,106.95418,108.99685,110.97884,114.07566,115.98742,119.2176,121.0267,124.33804,126.01695,129.35483,132.75027,136.1797,139.61822,143.04032,146.42176,149.73991,152.14264,155.40195,157.91402,161.04866,163.61885,166.24515,168.91801,171.7562,174.38649,177.02759,179.66831 3.87265,6.05277,7.61,8.78431,8.47081,7.56513,7.9511,8.50014,9.704,12.08227,10.152,9.10395,8.65628,7.34297,7.08235,4.59464,5.34361,1.88621,2.87532,-4.76667,2.10715,1.79454,1.87549,3.04795,4.30264,2.66077,4.2956,5.16252,6.13263,6.82921,6.85403,7.14244,7.44263,7.22157,5.87503,4.81598,2.83005,1.21077,3.95103,2.12936,0.23101,-0.16285,0.55841,1.80791,1.71896,-0.19746,-0.84059,-0.87041,-0.7832,2.56644,2.95579,2.1371,4.04763,3.38025,4.63622,6.75971,4.39177,2.7393,2.31078,1.87753,1.46704,1.36096,1.56519,-0.55282,0.31376,0.82373,0.64514,1.53625,-4.59457,0.73814,0.50487,1.09598,-4.60377,-0.36113,-4.6989,0.34854,0.21704,-4.78379,-0.29821,-4.95221,-4.91332,-2.19211,0.01606,-1.68057,-1.24129,0.15425,-4.80581,-5.28966,-4.61931,-1.62962,-5.39279,-0.01503,0.9869,2.51328,4.27341,4.9547,5.35643,5.39387,5.37738,5.59827,5.25215,0.83498,1.4695,2.7775,1.31391,0.88532,0.40043,0.45941,0.63378,4.91607,4.64066,6.29153,9.13629,6.21005,6.02183,5.42859,6.50605,5.43803,8.00491,7.99369,7.98693,7.6403,8.34937,6.70435,5.0069,3.24783,4.45675,5.9913,5.48176,0.90298,2.78363,2.98075,3.2354
469.16475 -177.70236,-175.0953,-172.52074,-169.98861,-166.86218,-164.36219,-161.08656,-158.66996,-155.30912,-153.02179,-149.64211,-146.2248,-142.79244,-139.36951,-135.97983,-132.64508,-130.94718,-127.64127,-125.82482,-122.59918,-120.69088,-117.59396,-115.62438,-113.6004,-110.69806,-108.65634,-106.57608,-104.46162,-102.31782,-97.72067,-95.61802,-93.51005,-91.40228,-89.30018,-84.804,-82.66073,-80.54689,-78.4673,-76.42631,-73.62308,-71.59743,-69.62605,-66.62344,-64.70978,-61.57238,-59.7463,-56.51905,-54.80709,-51.53867,-48.20527,-44.82737,-43.40622,-40.10021,-38.02772,-34.65251,-31.32393,-28.06246,-25.71188,-22.51588,-20.06921,-17.55189,-14.50314,-11.95792,-9.37099,-6.75222,-4.11219,-1.46187,1.18754,3.82497,6.43912,9.01955,12.07501,14.64479,17.14848,20.38315,22.80201,26.12035,29.51517,31.74211,35.11365,38.4981,41.87159,43.3879,46.80154,50.14423,51.87133,55.16391,57.0036,60.19214,62.11465,65.15,67.12226,69.14522,71.2155,76.04139,78.1305,80.24308,82.37351,84.51584,86.66395,88.81159,90.95253,93.08064,95.19003,97.27511,101.99415,104.0599,106.07792,108.99685,110.97884,112.89816,115.98742,117.82718,121.0267,122.75777,126.01695,129.35483,130.88336,134.19556,137.53003,140.86376,144.17372,146.42176,149.73991,152.97473,155.40195,158.54315,161.04866,163.61885,166.57203,169.1479,171.7562,174.38649,177.02759,179.66831 3.87265,4.32116,7.02849,8.95984,8.47081,8.22838,7.9511,7.3789,9.704,11.76494,10.43104,8.53527,7.79293,6.44991,5.50191,3.22522,4.59464,2.06978,1.88621,-4.3403,-4.76667,-4.18395,1.79454,1.87549,-4.10486,-4.34,2.66077,4.2956,5.16252,6.01402,5.48557,4.5857,5.03206,5.42207,4.81598,2.83005,1.21077,0.73158,-4.11457,0.23101,-0.16285,3.04677,1.80791,1.36061,-0.19746,-0.11464,-0.87041,1.89994,0.63153,2.95579,2.1371,3.66552,4.58353,3.38025,4.63622,6.7743,3.85135,2.7393,2.60503,-4.49712,1.46704,0.22839,-4.40292,-0.55282,0.31376,0.82373,0.64514,1.53625,-4.59457,-4.45118,-1.27854,1.09598,-4.60377,-0.06445,-4.6989,-4.24219,0.49804,-4.78379,-4.16538,-4.22715,-4.22702,-4.14091,-2.19211,-4.52574,-4.22931,-1.24129,-4.33146,-4.80581,0.2845,-4.61931,-3.97716,-4.28008,-0.01503,0.9869,4.27521,5.37453,5.71768,5.35643,5.39387,5.37738,5.59827,5.25215,2.45816,-4.26946,-4.12085,1.31391,0.88532,1.62484,0.45941,0.63378,3.23122,4.64066,6.3051,9.13629,8.89057,6.02183,5.42859,5.45478,5.22335,5.17422,7.54441,8.18135,7.98693,7.6403,5.73385,6.70435,4.38523,3.24783,4.45675,1.49797,0.90369,0.90298,2.78363,2.98075,3.2354
478.73954 -177.96197,-175.44643,-172.52074,-169.98861,-167.50699,-164.36219,-161.93313,-159.58069,-156.3414,-153.02179,-150.83405,-147.52201,-144.18723,-140.85197,-137.53846,-135.97983,-132.64508,-129.38547,-127.64127,-124.44169,-122.59918,-119.50693,-117.59396,-114.65104,-112.69739,-110.69806,-108.65634,-105.97275,-103.94351,-101.88855,-99.8126,-97.72067,-95.61802,-93.51005,-91.40228,-89.30018,-87.20916,-85.13447,-83.08109,-81.05371,-78.4673,-76.42631,-74.42773,-72.47483,-69.62605,-67.71115,-64.70978,-62.86177,-59.7463,-57.99249,-54.80709,-53.17088,-49.96183,-46.70039,-43.40622,-40.10021,-36.80355,-33.53757,-30.32244,-28.06246,-24.88624,-22.51588,-19.43639,-16.99852,-14.50314,-11.95792,-9.11255,-6.58682,-4.04204,-1.48806,1.06505,3.60747,6.12903,9.01955,11.5566,14.04173,17.14848,19.57918,22.80201,25.13044,28.40703,31.74211,35.11365,38.4981,41.87159,45.21071,48.49291,50.14423,53.39575,55.16391,58.33345,60.19214,63.23116,65.15,67.12226,69.96501,71.95412,73.981,76.04139,78.1305,80.24308,82.37351,90.95253,93.08064,95.19003,97.27511,99.33071,101.35209,106.07792,108.04489,109.95815,112.89816,114.75355,117.82718,119.59533,122.75777,124.41282,127.61574,130.88336,134.19556,135.56223,138.8033,140.86376,144.17372,147.438,150.63673,152.97473,156.10934,158.54315,161.55487,164.0381,166.57203,169.1479,171.87766,174.41265,176.95782,179.50286 2.21487,3.04243,7.02849,8.95984,8.3366,8.22838,8.05934,6.62843,8.75665,11.76494,8.85236,7.46672,7.00263,6.87587,4.94784,5.50191,3.22522,3.51769,2.06978,0.14236,-4.3403,-3.83978,-4.18395,3.51541,2.82968,-4.10486,-4.34,3.31114,4.46489,4.43714,4.92364,6.01402,5.48557,4.5857,5.03206,5.42207,4.10157,3.1656,1.3163,-3.57691,0.73158,-4.11457,-3.86055,-3.59586,3.04677,-3.85801,1.36061,0.39158,-0.11464,-3.93382,1.89994,-3.73612,2.38656,-4.07672,3.66552,4.58353,3.00765,5.30427,6.05168,3.85135,3.9521,2.60503,0.07586,-3.95829,0.22839,-4.40292,0.98034,10.97829,0.05615,-3.86067,-3.8243,0.83017,-3.6285,-1.27854,-4.03766,-3.78183,-0.06445,0.77728,-4.24219,-3.79382,-4.02271,-4.16538,-4.22715,-4.22702,-4.14091,-1.21766,2.53874,-4.22931,-3.87286,-4.33146,0.3538,0.2845,-3.66654,-3.97716,-4.28008,0.49462,1.70541,3.70578,4.27521,5.37453,5.71768,5.35643,5.25215,2.45816,-4.26946,-4.12085,0.95461,1.53548,1.62484,-3.93773,-3.6267,3.23122,2.7676,6.3051,7.92865,8.89057,7.42851,5.54519,5.45478,5.22335,2.82659,4.52164,7.54441,8.18135,8.42665,5.62283,5.73385,4.71392,4.38523,1.51021,1.20734,1.49797,0.90369,-0.24458,0.76671,0.34531,0.55427
488.31433 -177.96197,-175.44643,-172.95974,-170.51078,-167.50699,-165.08324,-162.72341,-159.58069,-157.30841,-154.10294,-150.83405,-147.52201,-145.50638,-142.25822,-139.02175,-137.53846,-134.26751,-131.05858,-129.38547,-126.21819,-124.44169,-121.3617,-119.50693,-116.55629,-114.65104,-112.69739,-109.93709,-107.97193,-105.97275,-103.94351,-101.88855,-99.8126,-95.48302,-93.46383,-91.44491,-87.20916,-85.13447,-83.08109,-81.05371,-79.05665,-77.09384,-74.42773,-72.47483,-70.57032,-67.71115,-65.85436,-64.05671,-61.0797,-57.99249,-56.30983,-53.17088,-51.60805,-48.46095,-45.27274,-42.06211,-38.8486,-35.65167,-32.49061,-30.32244,-27.17628,-24.88624,-21.81037,-19.43639,-16.4841,-14.06933,-11.60963,-9.11255,-6.58682,-4.04204,-1.48806,1.06505,3.60747,6.12903,8.62032,11.07259,14.04173,16.46727,19.57918,21.93152,25.13044,27.36591,30.59154,33.85888,37.14663,40.433,43.6962,46.91501,48.49291,51.69819,53.39575,56.53921,58.33345,61.3678,63.23116,65.15,68.01743,69.96501,71.95412,73.981,76.55269,78.55358,80.57484,82.61154,84.65848,86.71029,88.76155,90.80683,92.84079,94.85829,96.85441,99.33071,101.35209,103.33506,105.27596,108.04489,109.95815,111.81569,114.75355,116.54441,119.59533,121.29277,124.41282,125.99421,129.13767,132.33344,135.56223,138.8033,142.03544,145.23789,148.39089,150.63673,153.75245,156.10934,159.13022,161.55487,164.42946,166.87711,169.36269,171.87766,174.41265,176.95782,179.50286 2.21487,3.04243,4.91679,7.32784,8.3366,7.59515,7.50239,6.62843,8.54336,10.65293,8.85236,7.46672,5.07136,5.88573,5.18676,4.94784,2.52448,0.31234,3.51769,1.12288,0.14236,1.75053,-3.83978,-3.32476,3.51541,2.82968,-3.23184,0.95999,3.31114,4.46489,4.43714,4.92364,2.83433,2.67619,3.3626,4.10157,3.1656,1.3163,-3.57691,-3.4089,-3.2245,-3.86055,-3.59586,-3.3261,-3.85801,-3.51389,-3.17681,0.10401,-3.93382,-3.47945,-3.73612,-3.25555,2.26574,3.97222,5.73629,2.97336,3.34589,5.68922,6.05168,3.21049,3.9521,2.41401,0.07586,-3.22664,-3.41893,2.9116,0.98034,10.97829,0.05615,-3.86067,-3.8243,0.83017,-3.6285,1.25191,0.63843,-3.78183,-3.49886,0.77728,-3.51201,-3.79382,-3.35415,-3.50305,-3.57871,-3.60696,-3.56151,-3.43453,-3.24903,2.53874,-3.43528,-3.87286,1.28121,0.3538,1.74737,-3.66654,-3.97716,1.01449,0.49462,1.70541,3.70578,-3.19716,5.19173,3.34323,2.44063,3.06786,3.41115,3.95514,4.55575,1.75753,-3.29052,-3.17328,0.95461,1.53548,1.26636,0.12301,-3.93773,-3.6267,-3.31354,2.7676,3.70512,7.92865,6.80195,7.42851,6.7072,5.26865,6.52153,2.82659,4.52164,7.91994,9.71904,7.38718,5.62283,3.89454,4.71392,2.67457,1.51021,-3.24186,-3.42525,-3.5718,-0.24458,0.76671,0.34531,0.55427
497.88913 -178.2021,-175.77198,-172.95974,-170.51078,-168.10725,-165.75584,-162.72341,-160.43286,-157.30841,-155.11857,-151.95594,-148.74562,-145.50638,-142.25822,-139.02175,-135.81691,-132.66215,-131.05858,-127.92891,-126.21819,-123.1572,-121.3617,-118.41094,-116.55629,-113.75175,-111.86472,-109.93709,-107.97193,-103.46716,-101.49428,-99.50296,-97.49766,-95.48302,-93.46383,-91.44491,-89.4311,-87.42717,-85.43773,-83.46722,-79.05665,-77.09384,-75.16874,-73.28439,-70.57032,-68.71638,-65.85436,-64.05671,-62.31876,-59.36332,-56.30983,-54.69683,-51.60805,-48.46095,-47.03266,-43.91825,-40.79043,-37.66734,-35.65167,-32.49061,-29.38349,-27.17628,-24.11499,-21.81037,-18.84689,-16.4841,-14.06933,-11.28656,-8.87341,-6.4344,-3.97826,-1.51386,0.94972,3.40366,5.83886,8.62032,11.07259,13.47801,16.46727,18.8268,21.1151,24.20148,27.36591,29.50742,32.67429,35.86772,39.06786,42.25453,43.6962,46.91501,50.06987,51.69819,54.80947,56.53921,59.56138,61.3678,64.25894,66.11453,68.01743,69.96501,72.63028,74.57684,76.55269,78.55358,80.57484,82.61154,84.65848,86.71029,88.76155,90.80683,92.84079,94.85829,96.85441,98.82459,100.76462,103.33506,105.27596,107.17168,109.01969,111.81569,113.61611,116.54441,118.27069,121.29277,122.92087,125.99421,129.13767,130.58626,133.70932,136.85522,140.00492,143.1389,146.23843,148.39089,151.477,153.75245,156.77054,159.13022,162.02787,164.42946,166.87711,169.56408,171.99211,174.43847,176.89434,179.35043 -3.01318,-2.94004,4.91679,7.32784,7.47601,4.88475,7.50239,7.45413,8.54336,10.76377,7.92227,7.01132,5.07136,5.88573,5.18676,2.41083,1.92018,0.31234,-0.92258,1.12288,2.45771,1.75053,-3.05198,-3.32476,-2.82191,-0.49053,-3.23184,0.95999,-2.90823,3.40276,3.84157,-3.14078,2.83433,2.67619,3.3626,3.68624,2.21671,2.17671,1.55813,-3.4089,-3.2245,-3.02646,-2.81981,-3.3261,-3.0526,-3.51389,-3.17681,0.7178,0.50574,-3.47945,-3.05338,-3.25555,2.26574,3.06076,4.65913,4.50081,3.35193,3.34589,5.68922,5.42078,3.21049,3.15784,2.41401,1.40301,-3.22664,-3.41893,-2.90065,-3.00823,-3.07917,-3.11734,-3.12122,-3.09133,-3.02844,-2.93324,1.25191,0.63843,-3.08072,-3.49886,-3.19622,-2.88386,-3.13817,-3.35415,-2.92238,-3.00779,-3.05301,3.38261,-2.95666,-3.43453,-3.24903,-3.02295,-3.43528,-3.10058,1.28121,-3.04305,1.74737,2.11181,-3.11282,1.01449,0.49462,-2.91216,-3.06168,-3.19716,5.19173,3.34323,2.44063,3.06786,3.41115,3.95514,4.55575,1.75753,-3.29052,-3.17328,-3.03594,0.00104,1.26636,0.12301,-3.06381,-2.81903,-3.31354,-3.00316,3.70512,5.88098,6.80195,5.59863,6.7072,5.26865,5.99282,6.03755,2.30229,4.30178,9.45723,7.82848,7.38718,4.50533,3.89454,2.40278,2.67457,1.00027,-3.24186,-3.42525,-2.88121,-2.97096,13.5015,-3.05905,11.29093
507.46392 -178.2021,-175.77198,-173.3676,-170.99682,-168.66704,-165.75584,-163.46224,-160.43286,-158.2155,-155.11857,-153.01272,-149.90056,-146.75446,-143.59229,-140.43316,-137.2959,-134.19801,-132.66215,-129.57455,-126.56875,-124.89292,-121.9622,-120.21331,-118.41094,-115.59558,-113.75175,-111.86472,-109.23459,-107.34107,-105.4174,-103.46716,-101.49428,-99.50296,-97.49766,-95.48302,-93.46383,-91.44491,-89.4311,-87.42717,-85.43773,-83.46722,-81.51981,-79.59937,-77.70944,-75.16874,-73.28439,-71.44335,-68.71638,-66.91469,-65.16643,-62.31876,-60.64063,-57.712,-54.69683,-53.15169,-50.116,-47.03266,-43.91825,-40.79043,-37.66734,-34.56689,-31.5064,-29.38349,-26.34645,-24.11499,-21.15174,-18.84689,-16.00498,-13.66608,-11.28656,-8.87341,-6.4344,-3.97826,-1.51386,0.94972,3.40366,5.83886,8.24678,10.61947,13.47801,15.82954,18.12119,21.1151,23.32823,26.38634,29.50742,32.67429,35.86772,39.06786,42.25453,45.40791,48.50906,50.06987,53.1438,54.80947,57.8128,59.56138,62.45273,64.25894,66.11453,68.84003,70.71687,72.63028,74.57684,78.94064,80.8781,82.82896,84.78867,86.75253,88.71576,90.67363,92.62146,94.55471,96.85441,98.82459,100.76462,102.67072,104.53954,107.17168,109.01969,110.81798,113.61611,115.35855,118.27069,119.93285,122.92087,124.48135,127.50455,130.58626,133.70932,135.01518,138.07931,141.13997,143.1389,146.23843,149.2859,152.26578,154.48095,157.39009,159.67947,162.02787,164.7959,167.16274,169.56408,171.99211,174.43847,176.89434,179.35043 -3.01318,-2.94004,-2.83698,4.12389,5.16514,4.88475,5.85594,7.45413,8.44753,10.76377,8.29652,7.13294,5.8906,3.80363,4.12658,2.12278,-2.59306,1.92018,-2.76545,-2.51894,-2.83206,-2.51237,2.91936,-3.05198,2.59675,-2.82191,-0.49053,-2.51461,-2.65976,-2.79185,-2.90823,3.40276,3.84157,-3.14078,2.83433,2.67619,3.3626,3.68624,2.21671,2.17671,1.55813,-2.77812,-2.64631,-2.5022,-3.02646,-2.81981,-2.60774,-3.0526,-2.78168,-2.51564,0.7178,-2.53969,-2.80892,-3.05338,-2.65841,-2.81434,3.06076,4.65913,4.50081,3.35193,3.67277,5.35913,5.42078,2.69009,3.15784,2.98496,1.40301,-2.60861,-2.76418,-2.90065,-3.00823,-3.07917,-3.11734,-3.12122,-3.09133,-3.02844,-2.93324,3.01331,-2.65911,-3.08072,-2.85094,-2.60391,-2.88386,-2.57481,3.41269,-2.92238,-3.00779,-3.05301,3.38261,-2.95666,-2.8138,-2.63908,-3.02295,-2.75062,-3.10058,2.85007,-3.04305,-2.62664,2.11181,-3.11282,-2.5804,0.76273,-2.91216,-3.06168,1.91755,-2.59586,-2.64363,-2.67101,-2.67732,3.28441,3.32455,2.19285,-2.49675,-3.17328,-3.03594,0.00104,-2.71242,-2.53113,-3.06381,-2.81903,-2.57284,-3.00316,1.91708,5.88098,4.81654,5.59863,5.2153,6.40764,5.99282,6.03755,4.28447,1.82898,4.62799,9.45723,7.82848,5.55853,2.1902,1.62985,1.4444,2.83327,1.00027,-2.61237,-2.75973,-2.88121,-2.97096,13.5015,-3.05905,11.29093
517.03871 -178.42458,-176.07439,-173.74721,-170.99682,-168.66704,-166.38431,-163.46224,-161.23137,-158.2155,-156.07369,-153.01272,-149.90056,-147.93581,-144.85813,-141.77608,-138.70725,-137.2959,-134.19801,-131.15617,-129.57455,-126.56875,-123.65688,-121.9622,-120.21331,-117.39405,-115.59558,-112.91867,-111.09474,-109.23459,-107.34107,-105.4174,-103.02774,-101.13087,-99.21774,-97.29232,-95.35874,-93.42121,-91.48403,-89.55148,-87.62777,-85.71701,-83.82313,-81.51981,-79.59937,-77.70944,-75.8532,-73.28439,-71.44335,-69.64774,-66.91469,-65.16643,-63.47232,-60.64063,-59.02199,-56.12469,-53.15169,-51.67237,-48.69198,-45.67357,-42.63298,-39.58678,-36.55178,-33.5444,-31.5064,-28.50207,-25.5683,-23.3934,-20.53585,-18.29676,-16.00498,-13.66608,-10.98633,-8.65177,-6.29377,-3.92032,-1.53944,0.84069,3.21203,5.5665,7.89631,10.61947,12.94976,15.23116,18.12119,20.34796,23.32823,25.46332,28.48469,31.55492,34.65672,37.772,40.88216,43.96882,47.01376,48.50906,51.54133,53.1438,56.12242,57.8128,60.69745,62.45273,65.20748,67.00274,68.84003,70.71687,73.25122,75.12323,77.02098,78.94064,80.8781,82.82896,84.78867,86.75253,88.71576,90.67363,92.62146,94.55471,96.46907,98.36049,100.22521,102.67072,104.53954,106.36824,109.01969,110.81798,112.56507,115.35855,117.04269,119.93285,121.53176,124.48135,125.9762,128.94662,131.96507,135.01518,138.07931,141.13997,144.17937,147.18058,150.12796,152.26578,155.16476,157.39009,160.19457,162.47101,164.7959,167.16274,169.75352,172.1004,174.4641,176.83667,179.20985 -2.18003,-2.02519,3.34352,4.12389,5.16514,-2.37511,5.85594,8.21195,8.44753,9.15883,8.29652,7.13294,5.75815,3.82633,-2.37741,1.53983,2.12278,-2.59306,-2.42452,-2.76545,-2.51894,3.74716,-2.51237,2.91936,-2.39254,2.59675,-1.86402,-1.85837,-2.51461,-2.65976,-2.79185,-2.22941,-2.30436,-2.36406,2.83147,5.22977,1.14707,1.43507,10.46446,-1.94376,2.42104,4.13562,-2.77812,-2.64631,-2.5022,-2.08486,-2.81981,-2.60774,-2.10559,-2.78168,-2.51564,-1.98184,-2.53969,0.81013,-2.46313,-2.65841,3.05827,-2.41371,-2.49013,3.45762,4.5339,2.50909,4.39291,5.35913,5.00393,-2.28033,2.15606,-1.12031,-2.4354,-2.60861,-2.76418,-2.32524,-2.41303,-2.46968,-2.49997,-2.50267,-2.46368,-2.31707,2.53916,3.57822,-2.65911,3.26294,-1.71835,-2.60391,-1.50882,-2.57481,3.14309,3.99198,-2.50884,-2.56349,-2.57176,2.763,-2.27369,25.69422,-2.63908,-2.42094,-2.75062,2.34287,2.85007,-2.31655,-2.62664,-2.04488,-2.40025,-2.5804,0.76273,-1.82441,-1.79663,-2.14969,1.91755,-2.59586,-2.64363,-2.67101,-2.67732,3.28441,3.32455,2.19285,-2.49675,-2.40439,-2.25446,2.29056,-2.71242,-2.53113,10.48087,-2.81903,-2.57284,-2.31175,1.91708,-2.40808,4.81654,3.5165,5.2153,5.95837,5.02293,6.07126,4.28447,1.82898,4.62799,6.74443,-1.57002,4.57145,2.1902,0.22178,1.4444,2.50178,2.5878,-2.61237,-2.75973,-2.3053,2.65155,-2.42527,-2.41332,-2.31103
100.0 -177.02076,-164.85737,-148.99379,-132.21191,-117.1362,-107.91,-97.84731,-87.50819,-77.54998,-68.49795,-53.94128,-37.69586,-22.16884,-10.09282,2.67262,14.93351,31.092,48.05573,63.19759,72.56951,82.74098,93.14389,103.13267,112.19779,126.7735,142.94578,158.41975,170.35515 10.47033,8.60525,6.69103,3.64221,0.99397,-0.68601,-4.03396,-6.2652,-5.00619,-3.32092,-0.18085,2.05052,5.30023,8.56051,10.85615,11.40343,9.26883,5.34813,1.34657,-1.1126,-3.87267,-4.53635,-3.5948,-2.21333,1.27714,5.1148,7.89188,9.51713
