47.87395 0.023165265040599542 0.03197269627069976
71.04895 0.030015963786504726 -0.025001298913260753
94.22395 0.04167683469615203 -0.049412372994976486
117.39895000000001 0.05499440505695932 -0.04981896957491657
140.57395000000002 0.054131380200498465 -0.00908893891267771
163.74895000000004 0.03459704906125212 0.051070451834309395
186.92395000000002 0.00901464224155656 0.07128937162395955
210.09895000000003 0.00047530020874430825 0.03311198277498938
233.27395000000004 0.002733152265037914 -0.008538144111237909
256.44895 0.0040255100386769075 -0.019485915587024987
279.62395000000004 -0.0009191153396619539 -0.014213197309449711
302.79895000000005 -0.01738853599020032 -0.024870190016135618
325.97395000000006 -0.04336437192621589 -0.01701018984542592
349.14895000000007 -0.07165523595092105 0.0039295004358709295
372.3239500000001 -0.0951916731299412 0.015814354474115045
395.49895000000004 -0.1283916706525367 0.0402105674380942
418.67395000000005 -0.14722328215295272 0.09055609015594628
441.84895000000006 -0.13760949451912446 0.1039541596573655
465.02395000000007 -0.11845729210801521 0.09396354235586873
488.1989500000001 -0.11233586725795716 0.04332157111932141
511.3739500000001 -0.12827628082222498 0.06918367795693692
534.5489500000001 -0.1348657707303575 0.08193896099977084
