46.77 0.035392622333929244 0.03440071533517546
58.462500000000006 0.017995575097893603 0.06258454514061738
70.155 -0.003207019897924489 0.07147477024643943
81.84750000000001 -0.010777498458328757 0.05155837176960018
93.54000000000002 -0.013911351947462763 0.027661228645114843
105.23250000000002 -0.026442452883502 -0.0008238329455646102
116.92500000000001 -0.040450586170608996 -0.039566835277536995
128.6175 -0.03840441876593335 -0.06670840311598321
140.31000000000003 -0.02491211576380999 -0.0834911134280151
152.00250000000003 -0.0046636286075248355 -0.0800335466951539
163.69500000000002 0.013367417182319402 -0.06201727007546922
175.38750000000005 0.023068333903927665 -0.037293356497808246
187.08000000000004 0.025797947066955665 -0.016411057611829916
198.77250000000004 0.02550021014087807 0.005384770248138765
210.46500000000003 0.024031238190409306 0.03940321119005831
222.15750000000003 0.01777025446192608 0.07453556828097449
233.85000000000005 0.0058064092326522 0.09007891646506477
245.54250000000005 -0.00824682988647802 0.07438768483784385
257.23500000000007 -0.022952390607201157 0.024868269930391634
268.92750000000007 0.0027219910205822356 0.04588632801028692
