21.45 -0.02419621935819942 0.006106052237969254
26.8125 -0.023802025266451764 0.0046323953481257635
32.175 -0.016614539903345334 0.0036834681907343177
37.5375 -0.011654848256725197 0.002805017734970501
42.900000000000006 -0.010332158728372454 8.322312111719886e-05
48.2625 -0.007968803766272247 -0.0007315226303226918
53.625 -0.0040954827437944845 0.000560078323290424
58.987500000000004 -0.003090938127012439 0.0018317780130153282
64.35000000000001 -0.005644038235882681 0.0016430403650932823
69.7125 -0.008391078655817022 0.0016621990838112423
75.075 -0.008803966903691184 0.00220325508283469
80.4375 -0.008578750276370627 0.0022448182218509903
85.80000000000001 -0.007984173714312802 0.0012822402179918622
91.16250000000001 -0.006902763957736974 0.0003304824717158418
96.525 -0.0056213782717267555 0.0009971467168667248
101.88750000000002 -0.005095471948134596 0.0016245033433605444
107.25000000000001 -0.004666380410543242 0.0023049137270539995
112.61250000000001 -0.0036227856633218917 0.0021307965778378786
117.97500000000001 -0.0021501928898003207 0.0006475077355371693
123.3375 -0.0008616441421353609 0.0012848417981048766
128.70000000000002 -0.0004944767747341702 0.0021402165262840154
134.0625 -0.0008571916747170885 0.0029755078513302034
139.425 0.00020386003309749674 0.002901797364764395
144.78750000000002 0.0016798547630667714 0.001754922407317476
150.15 0.003091687334376709 0.0019411442409528264
155.51250000000002 0.0037807732218759662 0.002821157943180112
160.87500000000003 0.0026325585839021746 0.0029755423836734574
166.2375 0.00100342647344757 0.002682874721375367
171.60000000000002 0.0002155603460289085 0.0008435086239529933
176.96250000000003 0.001570996015731521 -0.0007426864060373901
182.32500000000002 0.0031362738130181044 0.0017816666560198772
187.68750000000003 0.00229711905908511 0.004850221222469688
193.05 0.0021621885775408092 0.005374299627230835
198.41250000000002 0.0048224990346271345 0.005038858779291143
203.77500000000003 0.006369984111213685 0.005901973003826982
