43.37847 0.007593636683518839 -0.02089603212724403
54.25347 0.007556861427234522 0.009554827090397842
65.12847 0.007132694154142493 0.017578512128853464
76.00347 0.006040171452614062 0.022096770164018734
86.87847 0.004477998418500321 0.02292308957650416
97.75347 0.0015895659172851832 0.03536925190677186
108.62847 -0.0020087822786492926 0.037632302967847406
119.50347 -0.002908101763813924 0.009539710726329436
130.37847 -0.0018642488708445672 -0.01974990773696961
141.25347 0.00011399677844453615 -0.022768197549337843
152.12847 0.0011982109184913868 -0.01645527044872723
163.00347 0.0008390923881650908 0.003279526595468119
173.87847 -0.0015533025417953238 0.012207516642855713
184.75347 -0.003980943739186759 0.002377698594047766
195.62847 -0.006477076974494981 -0.017002618437320656
206.50347 -0.009471789941326131 -0.014649547232318058
217.37847 -0.010032471309219682 -0.003298170275673144
228.25347 -0.010781301739315723 0.002012848542586776
239.12847 -0.009300849370931742 -0.0012605295131225568
250.00347 -0.005953995722496533 -0.016503097605296932
260.87847 -0.0054746762850117064 -0.01835590706605947
